0
0
0
0
0
0
0
0
0
0
0
0
0
0
0
0
0
0
0
0
0
0
0
0
0
0
0
0
0
0
0
0
0
0
0
0
0
0
0
0
0
0
0
0
0
0
0
0
0
0
0
0
0
0
0
0
0
0
0
0
0
0
0
0
0
0
0
0
0
0
0
0
0
0
0
0
0
0
0
0
0
0
0
0
0
0
0
0
0
0
0
0
0
0
0
0
0
0
0
0
0
0
0
0
0
0
0
0
0
0
0
0
0
0
0
0
0
0
0
0
0
0
0
0
0
0
0
0
0
0
0
0
0
0
0
0
0
0
0
0
0
0
0
0
0
0
0
0
0
0
0
0
0
0
0
0
0
0
0
0
0
0
0
0
0
0
0
0
0
0
0
0
0
0
0
0
0
0
0
0
0
0
0
0
0
0
0
0
0
0
0
0
0
0
0
0
0
0
0
0
0
0
0
0
0
0
0
0
0
0
0
0
0
0
0
0
0
0
0
0
0
0
0
0
0
0
0
0
0
0
0
0
0
0
0
0
0
0
0
0
0
0
0
0
0
0
0
0
0
0
0
0
0
0
0
0
0
0
0
0
0
0
0
0
0
0
0
0
0
0
0
0
0
0
0
0
0
0
0
0
0
0
0
0
0
0
0
0
0
0
0
0
0
0
0
0
0
0
0
0
0
0
0
0
0
0
0
0
0
0
0
0
0
0
0
0
0
0
0
0
0
0
0
0
0
0
0
0
0
0
0
0
0
0
0
0
0
0
0
0
0
0
0
0
0
0
0
0
0
0
0
0
0
0
0
0
0
0
0
0
0
0
0
0
0
0
0
0
0
0
0
0
0
0
0
0
0
0
0
0
0
0
0
0
0
0
0
0
0
0
0
0
0
0
0
0
0
0
0
0
0
0
0
0
0
0
0
0
0
0
0
0
0
0
0
0
0
0
0
0
0
0
0
0
0
0
0
0
0
0
0
0
0
0
0
0
0
0
0
0
0
0
0
0
0
0
0
0
0
0
0
0
0
0
0
0
0
0
0
0
0
0
0
0
0
0
0
0
0
0
0
0
0
0
0
0
0
0
0
0
0
0
0
0
0
0
0
0
0
0
0
0
0
0
0
0
0
0
0
0
0
0
0
0
0
0
0
0
0
0
0
0
-3.47115e+18
-3.59256e+18
-3.70532e+18
-3.80916e+18
-3.90382e+18
-3.98907e+18
-4.06471e+18
-4.13056e+18
-4.18646e+18
-4.23228e+18
-4.26789e+18
-4.29323e+18
-4.30823e+18
-4.31284e+18
-4.30707e+18
-4.29091e+18
-4.26443e+18
-4.22766e+18
-4.18072e+18
-4.1237e+18
-4.05675e+18
-3.98002e+18
-3.89371e+18
-3.79801e+18
-3.69317e+18
-3.57943e+18
-3.45706e+18
-3.32637e+18
-3.18767e+18
-3.04128e+18
-2.88757e+18
-2.7269e+18
-2.55966e+18
-2.38626e+18
-2.2071e+18
-2.02263e+18
-1.83329e+18
-1.63953e+18
-1.44182e+18
-1.24064e+18
-1.03647e+18
-8.298e+17
-6.21133e+17
-4.10969e+17
-1.99815e+17
1.18202e+16
2.23427e+17
4.34496e+17
6.44517e+17
8.52987e+17
1.0594e+18
1.26326e+18
1.46408e+18
1.66137e+18
1.85466e+18
2.04348e+18
2.22738e+18
2.40591e+18
2.57865e+18
2.74517e+18
2.90508e+18
3.058e+18
3.20354e+18
3.34137e+18
3.47115e+18
3.59256e+18
3.70532e+18
3.80916e+18
3.90382e+18
3.98907e+18
4.06471e+18
4.13056e+18
4.18646e+18
4.23228e+18
4.26789e+18
4.29323e+18
4.30823e+18
4.31284e+18
4.30707e+18
4.29091e+18
4.26443e+18
4.22766e+18
4.18072e+18
4.1237e+18
4.05675e+18
3.98002e+18
3.89371e+18
3.79801e+18
3.69317e+18
3.57943e+18
3.45706e+18
3.32637e+18
3.18767e+18
3.04128e+18
2.88757e+18
2.7269e+18
2.55966e+18
2.38626e+18
2.2071e+18
2.02263e+18
1.83329e+18
1.63953e+18
1.44182e+18
1.24064e+18
1.03647e+18
8.298e+17
6.21133e+17
4.10969e+17
1.99815e+17
-1.18202e+16
-2.23427e+17
-4.34496e+17
-6.44517e+17
-8.52987e+17
-1.0594e+18
-1.26326e+18
-1.46408e+18
-1.66137e+18
-1.85466e+18
-2.04348e+18
-2.22738e+18
-2.40591e+18
-2.57865e+18
-2.74517e+18
-2.90508e+18
-3.058e+18
-3.20354e+18
-3.34137e+18
-3.47115e+18
-3.59256e+18
-3.70532e+18
-3.80916e+18
-3.90382e+18
-3.98907e+18
-4.06471e+18
-4.13056e+18
-4.18646e+18
-4.23228e+18
-4.26789e+18
-4.29323e+18
-4.30823e+18
-4.31284e+18
-4.30707e+18
-4.29091e+18
-4.26443e+18
-4.22766e+18
-4.18072e+18
-4.1237e+18
-4.05675e+18
-3.98002e+18
-3.89371e+18
-3.79801e+18
-3.69317e+18
-3.57943e+18
-3.45706e+18
-3.32637e+18
-3.18767e+18
-3.04128e+18
-2.88757e+18
-2.7269e+18
-2.55966e+18
-2.38626e+18
-2.2071e+18
-2.02263e+18
-1.83329e+18
-1.63953e+18
-1.44182e+18
-1.24064e+18
-1.03647e+18
-8.298e+17
-6.21133e+17
-4.10969e+17
-1.99815e+17
1.18202e+16
2.23427e+17
4.34496e+17
6.44517e+17
8.52987e+17
1.0594e+18
1.26326e+18
1.46408e+18
1.66137e+18
1.85466e+18
2.04348e+18
2.22738e+18
2.40591e+18
2.57865e+18
2.74517e+18
2.90508e+18
3.058e+18
3.20354e+18
3.34137e+18
3.47115e+18
3.59256e+18
3.70532e+18
3.80916e+18
3.90382e+18
3.98907e+18
4.06471e+18
4.13056e+18
4.18646e+18
4.23228e+18
4.26789e+18
4.29323e+18
4.30823e+18
4.31284e+18
4.30707e+18
4.29091e+18
4.26443e+18
4.22766e+18
4.18072e+18
4.1237e+18
4.05675e+18
3.98002e+18
3.89371e+18
3.79801e+18
3.69317e+18
3.57943e+18
3.45706e+18
3.32637e+18
3.18767e+18
3.04128e+18
2.88757e+18
2.7269e+18
2.55966e+18
2.38626e+18
2.2071e+18
2.02263e+18
1.83329e+18
1.63953e+18
1.44182e+18
1.24064e+18
1.03647e+18
8.298e+17
6.21133e+17
4.10969e+17
1.99815e+17
-1.18202e+16
-2.23427e+17
-4.34496e+17
-6.44517e+17
-8.52987e+17
-1.0594e+18
-1.26326e+18
-1.46408e+18
-1.66137e+18
-1.85466e+18
-2.04348e+18
-2.22738e+18
-2.40591e+18
-2.57865e+18
-2.74517e+18
-2.90508e+18
-3.058e+18
-3.20354e+18
-3.34137e+18
1.21987e+17
-1.56515e+17
-4.45548e+17
-7.43901e+17
-1.05028e+18
-1.36334e+18
-1.68163e+18
-2.00368e+18
-2.32794e+18
-2.65284e+18
-2.97676e+18
-3.29805e+18
-3.61505e+18
-3.9261e+18
-4.22951e+18
-4.52363e+18
-4.8068e+18
-5.07742e+18
-5.33389e+18
-5.57468e+18
-5.79829e+18
-6.00331e+18
-6.18839e+18
-6.35223e+18
-6.49365e+18
-6.61156e+18
-6.70495e+18
-6.77293e+18
-6.81471e+18
-6.82963e+18
-6.81715e+18
-6.77684e+18
-6.70842e+18
-6.61172e+18
-6.48673e+18
-6.33354e+18
-6.15241e+18
-5.94372e+18
-5.70798e+18
-5.44585e+18
-5.15811e+18
-4.84568e+18
-4.50958e+18
-4.151e+18
-3.77119e+18
-3.37156e+18
-2.95359e+18
-2.51889e+18
-2.06914e+18
-1.60612e+18
-1.13167e+18
-6.47711e+17
-1.56225e+17
3.40761e+17
8.41178e+17
1.34293e+18
1.84388e+18
2.34191e+18
2.83488e+18
3.32067e+18
3.79716e+18
4.26228e+18
4.714e+18
5.15032e+18
5.56932e+18
5.96913e+18
6.34798e+18
6.70416e+18
7.03607e+18
7.34221e+18
7.62119e+18
7.87174e+18
8.09271e+18
8.28307e+18
8.44194e+18
8.56857e+18
8.66234e+18
8.72281e+18
8.74965e+18
8.7427e+18
8.70195e+18
8.62753e+18
8.51972e+18
8.37897e+18
8.20585e+18
8.00108e+18
7.76554e+18
7.50023e+18
7.20628e+18
6.88495e+18
6.53761e+18
6.16578e+18
5.77104e+18
5.35509e+18
4.91973e+18
4.46683e+18
3.99833e+18
3.51624e+18
3.02263e+18
2.51959e+18
2.00929e+18
1.49387e+18
9.75524e+17
4.5643e+17
-6.12355e+16
-5.75312e+17
-1.08367e+18
-1.58421e+18
-2.07489e+18
-2.55372e+18
-3.01877e+18
-3.46819e+18
-3.90022e+18
-4.31317e+18
-4.70547e+18
-5.07565e+18
-5.42234e+18
-5.74429e+18
-6.0404e+18
-6.30966e+18
-6.55122e+18
-6.76434e+18
-6.94844e+18
-7.10306e+18
-7.22788e+18
-7.32275e+18
-7.38763e+18
-7.42262e+18
-7.42798e+18
-7.40408e+18
-7.35143e+18
-7.27068e+18
-7.16259e+18
-7.02805e+18
-6.86805e+18
-6.6837e+18
-6.4762e+18
-6.24686e+18
-5.99706e+18
-5.72827e+18
-5.44202e+18
-5.13991e+18
-4.82359e+18
-4.49476e+18
-4.15514e+18
-3.8065e+18
-3.45059e+18
-3.08921e+18
-2.72412e+18
-2.3571e+18
-1.98989e+18
-1.62421e+18
-1.26172e+18
-9.04072e+17
-5.52834e+17
-2.09524e+17
1.24414e+17
4.47608e+17
7.58772e+17
1.05671e+18
1.3403e+18
1.60856e+18
1.86057e+18
2.09554e+18
2.31277e+18
2.51169e+18
2.69183e+18
2.85284e+18
2.9945e+18
3.11667e+18
3.21935e+18
3.30264e+18
3.36676e+18
3.41202e+18
3.43885e+18
3.44778e+18
3.43943e+18
3.41449e+18
3.37378e+18
3.31815e+18
3.24857e+18
3.16603e+18
3.07162e+18
2.96645e+18
2.85169e+18
2.72854e+18
2.59823e+18
2.46203e+18
2.32118e+18
2.17697e+18
2.03064e+18
1.88347e+18
1.73667e+18
1.59146e+18
1.449e+18
1.31042e+18
1.17681e+18
1.04918e+18
9.28489e+17
8.15636e+17
7.11438e+17
6.16635e+17
5.31884e+17
4.57756e+17
3.94733e+17
3.43201e+17
3.03454e+17
2.75687e+17
2.59999e+17
2.56389e+17
2.64761e+17
2.84918e+17
3.16571e+17
3.59334e+17
4.12732e+17
4.76202e+17
5.49096e+17
6.30687e+17
7.2017e+17
8.16674e+17
9.19261e+17
1.02694e+18
1.13865e+18
1.25331e+18
1.36979e+18
1.48692e+18
1.60353e+18
1.71841e+18
1.83035e+18
1.93816e+18
2.04063e+18
2.13657e+18
2.22485e+18
2.30432e+18
2.37391e+18
2.43257e+18
2.47933e+18
2.51326e+18
2.53351e+18
2.5393e+18
2.52994e+18
2.5048e+18
2.46336e+18
2.4052e+18
2.32999e+18
2.2375e+18
2.12761e+18
2.00029e+18
1.85565e+18
1.69389e+18
1.51532e+18
1.32036e+18
1.10954e+18
8.83504e+17
6.42986e+17
3.88833e+17
1.483e+18
1.56995e+18
1.63456e+18
1.67428e+18
1.68675e+18
1.66988e+18
1.62182e+18
1.54103e+18
1.42629e+18
1.27673e+18
1.0918e+18
8.71355e+17
6.15621e+17
3.25207e+17
1.1158e+15
-3.55262e+17
-7.42149e+17
-1.15739e+18
-1.59848e+18
-2.06254e+18
-2.54638e+18
-3.04651e+18
-3.55915e+18
-4.08028e+18
-4.60565e+18
-5.13085e+18
-5.65131e+18
-6.16237e+18
-6.65929e+18
-7.13732e+18
-7.59173e+18
-8.01785e+18
-8.41113e+18
-8.76716e+18
-9.08173e+18
-9.35086e+18
-9.57086e+18
-9.73834e+18
-9.85025e+18
-9.90395e+18
-9.89717e+18
-9.82813e+18
-9.69545e+18
-9.49829e+18
-9.23625e+18
-8.90948e+18
-8.51862e+18
-8.06484e+18
-7.5498e+18
-6.97568e+18
-6.34518e+18
-5.66144e+18
-4.92809e+18
-4.14917e+18
-3.32917e+18
-2.47292e+18
-1.58562e+18
-6.72753e+17
2.59917e+17
1.20641e+18
2.16058e+18
3.11615e+18
4.06674e+18
5.00599e+18
5.92751e+18
6.82503e+18
7.69236e+18
8.52353e+18
9.31274e+18
1.00545e+19
1.07436e+19
1.13752e+19
1.19448e+19
1.24485e+19
1.28827e+19
1.32443e+19
1.35307e+19
1.37401e+19
1.38708e+19
1.3922e+19
1.38935e+19
1.37854e+19
1.35985e+19
1.33344e+19
1.2995e+19
1.25827e+19
1.21005e+19
1.1552e+19
1.09411e+19
1.02723e+19
9.55027e+18
8.78024e+18
7.96766e+18
7.11827e+18
6.23802e+18
5.33306e+18
4.40964e+18
3.47411e+18
2.53282e+18
1.59211e+18
6.58242e+17
-2.6265e+17
-1.1646e+18
-2.04187e+18
-2.88896e+18
-3.70071e+18
-4.47226e+18
-5.19917e+18
-5.87737e+18
-6.50324e+18
-7.07362e+18
-7.58585e+18
-8.03772e+18
-8.42757e+18
-8.75423e+18
-9.01704e+18
-9.21587e+18
-9.3511e+18
-9.42357e+18
-9.43465e+18
-9.38612e+18
-9.28024e+18
-9.11966e+18
-8.9074e+18
-8.64686e+18
-8.34173e+18
-7.99598e+18
-7.61382e+18
-7.19965e+18
-6.75802e+18
-6.2936e+18
-5.81111e+18
-5.3153e+18
-4.81089e+18
-4.30255e+18
-3.79483e+18
-3.29215e+18
-2.79872e+18
-2.31857e+18
-1.85546e+18
-1.41286e+18
-9.93946e+17
-6.01561e+17
-2.38197e+17
9.40229e+16
3.93355e+17
6.58443e+17
8.88325e+17
1.08243e+18
1.24059e+18
1.363e+18
1.45026e+18
1.50329e+18
1.5234e+18
1.51218e+18
1.47155e+18
1.40368e+18
1.31102e+18
1.19619e+18
1.06202e+18
9.115e+17
7.47704e+17
5.73806e+17
3.93019e+17
2.08564e+17
2.3636e+16
-1.58631e+17
-3.35198e+17
-5.03152e+17
-6.59737e+17
-8.02381e+17
-9.28724e+17
-1.03664e+18
-1.12425e+18
-1.18997e+18
-1.23247e+18
-1.25074e+18
-1.24407e+18
-1.21207e+18
-1.15466e+18
-1.07205e+18
-9.64782e+17
-8.33678e+17
-6.79854e+17
-5.04689e+17
-3.0982e+17
-9.71124e+16
1.31356e+17
3.73323e+17
6.26367e+17
8.87938e+17
1.15538e+18
1.42598e+18
1.69695e+18
1.96554e+18
2.22899e+18
2.48459e+18
2.72974e+18
2.96193e+18
3.17879e+18
3.37812e+18
3.55792e+18
3.71637e+18
3.85191e+18
3.96321e+18
4.04923e+18
4.10917e+18
4.14252e+18
4.14907e+18
4.12888e+18
4.08232e+18
4.01002e+18
3.91291e+18
3.79215e+18
3.64918e+18
3.48568e+18
3.30351e+18
3.10477e+18
2.89169e+18
2.66669e+18
2.43226e+18
2.19101e+18
1.94561e+18
1.69876e+18
1.45315e+18
1.21144e+18
9.7624e+17
7.50053e+17
5.3527e+17
3.34131e+17
1.48698e+17
-1.91664e+16
-1.67822e+17
-2.95874e+17
-4.02187e+17
-4.85905e+17
-5.46457e+17
-5.83572e+17
-5.97282e+17
-5.87923e+17
-5.56138e+17
-5.0287e+17
-4.29354e+17
-3.3711e+17
-2.27924e+17
-1.03834e+17
3.28916e+16
1.79775e+17
3.34156e+17
4.93219e+17
6.54022e+17
8.13529e+17
9.68645e+17
1.11624e+18
1.2532e+18
1.37646e+18
-2.26431e+18
-2.22084e+18
-2.13842e+18
-2.01958e+18
-1.86761e+18
-1.68645e+18
-1.48074e+18
-1.25566e+18
-1.01693e+18
-7.70676e+17
-5.23342e+17
-2.8161e+17
-5.22789e+16
1.57849e+17
3.42077e+17
4.93933e+17
6.07281e+17
6.76433e+17
6.96257e+17
6.62278e+17
5.70769e+17
4.18835e+17
2.04489e+17
-7.32945e+16
-4.14526e+17
-8.18172e+17
-1.28214e+18
-1.80326e+18
-2.37732e+18
-2.99909e+18
-3.66236e+18
-4.36e+18
-5.08405e+18
-5.82578e+18
-6.57585e+18
-7.32434e+18
-8.06095e+18
-8.7751e+18
-9.45606e+18
-1.00931e+19
-1.06758e+19
-1.11937e+19
-1.1637e+19
-1.19967e+19
-1.22642e+19
-1.24318e+19
-1.2493e+19
-1.24421e+19
-1.2275e+19
-1.19885e+19
-1.15808e+19
-1.10517e+19
-1.04023e+19
-9.63515e+18
-8.75422e+18
-7.76495e+18
-6.67414e+18
-5.48991e+18
-4.22162e+18
-2.87979e+18
-1.47596e+18
-2.25898e+16
1.46708e+18
2.9792e+18
4.49943e+18
6.01314e+18
7.50559e+18
8.96206e+18
1.03681e+19
1.17095e+19
1.29728e+19
1.41453e+19
1.52149e+19
1.61707e+19
1.70032e+19
1.77037e+19
1.82652e+19
1.86822e+19
1.89505e+19
1.90677e+19
1.90329e+19
1.8847e+19
1.85121e+19
1.80325e+19
1.74134e+19
1.6662e+19
1.57865e+19
1.47965e+19
1.37028e+19
1.25172e+19
1.12523e+19
9.92159e+18
8.53885e+18
7.11844e+18
5.67487e+18
4.22269e+18
2.77629e+18
1.34978e+18
-4.32103e+16
-1.3897e+18
-2.67749e+18
-3.89526e+18
-5.03278e+18
-6.08093e+18
-7.03185e+18
-7.87898e+18
-8.61715e+18
-9.2426e+18
-9.75297e+18
-1.01474e+19
-1.04263e+19
-1.05917e+19
-1.06467e+19
-1.05959e+19
-1.04448e+19
-1.02001e+19
-9.86954e+18
-9.46157e+18
-8.9854e+18
-8.45077e+18
-7.86784e+18
-7.24705e+18
-6.59896e+18
-5.93407e+18
-5.26275e+18
-4.59504e+18
-3.94052e+18
-3.30824e+18
-2.70654e+18
-2.14299e+18
-1.6243e+18
-1.15623e+18
-7.43549e+17
-3.89976e+17
-9.81703e+16
1.30291e+17
2.94902e+17
3.96209e+17
4.35775e+17
4.16126e+17
3.40688e+17
2.13713e+17
4.019e+16
-1.74252e+17
-4.23448e+17
-7.00804e+17
-9.99419e+17
-1.31219e+18
-1.63195e+18
-1.95157e+18
-2.26406e+18
-2.56271e+18
-2.84117e+18
-3.09357e+18
-3.31456e+18
-3.49944e+18
-3.64419e+18
-3.74554e+18
-3.80101e+18
-3.80891e+18
-3.7684e+18
-3.67945e+18
-3.54285e+18
-3.36017e+18
-3.13374e+18
-2.86657e+18
-2.56233e+18
-2.22525e+18
-1.86004e+18
-1.47183e+18
-1.06605e+18
-6.48369e+17
-2.24568e+17
1.9954e+17
6.18213e+17
1.02587e+18
1.4172e+18
1.7872e+18
2.13131e+18
2.44545e+18
2.72608e+18
2.97028e+18
3.17575e+18
3.34088e+18
3.46474e+18
3.5471e+18
3.58842e+18
3.58984e+18
3.55314e+18
3.48072e+18
3.37552e+18
3.241e+18
3.08104e+18
2.89992e+18
2.70217e+18
2.49253e+18
2.27588e+18
2.0571e+18
1.84106e+18
1.63244e+18
1.43573e+18
1.25511e+18
1.0944e+18
9.56976e+17
8.45706e+17
7.62929e+17
7.10395e+17
6.89244e+17
6.99981e+17
7.42477e+17
8.15967e+17
9.19065e+17
1.04979e+18
1.20561e+18
1.38347e+18
1.57987e+18
1.7909e+18
2.01233e+18
2.23969e+18
2.46833e+18
2.6935e+18
2.91047e+18
3.11459e+18
3.30136e+18
3.46654e+18
3.60621e+18
3.71686e+18
3.79543e+18
3.83938e+18
3.84676e+18
3.8162e+18
3.74699e+18
3.63908e+18
3.49308e+18
3.31024e+18
3.09249e+18
2.84236e+18
2.56295e+18
2.25791e+18
1.93135e+18
1.58779e+18
1.23207e+18
8.69303e+17
5.04748e+17
1.4374e+17
-2.08406e+17
-5.46485e+17
-8.65502e+17
-1.16076e+18
-1.42794e+18
-1.66319e+18
-1.8632e+18
-2.02527e+18
-2.14737e+18
-2.22817e+18
-2.26708e+18
-9.38681e+15
-4.46968e+17
-8.85259e+17
-1.31503e+18
-1.72712e+18
-2.11269e+18
-2.46343e+18
-2.77181e+18
-3.03123e+18
-3.23627e+18
-3.38281e+18
-3.46819e+18
-3.4913e+18
-3.45263e+18
-3.35434e+18
-3.20024e+18
-2.9957e+18
-2.74764e+18
-2.46434e+18
-2.15529e+18
-1.83104e+18
-1.50291e+18
-1.18281e+18
-8.82908e+17
-6.15396e+17
-3.92169e+17
-2.24542e+17
-1.2296e+17
-9.67177e+16
-1.53696e+17
-3.00128e+17
-5.40384e+17
-8.76801e+17
-1.30954e+18
-1.83651e+18
-2.45329e+18
-3.15315e+18
-3.92711e+18
-4.76401e+18
-5.65068e+18
-6.5721e+18
-7.5117e+18
-8.45156e+18
-9.37277e+18
-1.02558e+19
-1.10807e+19
-1.18276e+19
-1.24774e+19
-1.30114e+19
-1.34124e+19
-1.36649e+19
-1.37549e+19
-1.36712e+19
-1.34048e+19
-1.29496e+19
-1.23025e+19
-1.14634e+19
-1.04356e+19
-9.22541e+18
-7.84247e+18
-6.2995e+18
-4.61216e+18
-2.79887e+18
-8.80545e+17
1.11974e+18
3.17707e+18
5.26508e+18
7.35643e+18
9.42315e+18
1.14372e+19
1.33709e+19
1.51974e+19
1.6891e+19
1.84279e+19
1.97863e+19
2.0947e+19
2.18933e+19
2.26121e+19
2.30933e+19
2.33303e+19
2.33203e+19
2.30641e+19
2.2566e+19
2.18342e+19
2.088e+19
1.97182e+19
1.83663e+19
1.68447e+19
1.5176e+19
1.33847e+19
1.14969e+19
9.5396e+18
7.54055e+18
5.52751e+18
3.52792e+18
1.56844e+18
-3.25537e+17
-2.13023e+18
-3.82388e+18
-5.3871e+18
-6.80309e+18
-8.05795e+18
-9.14082e+18
-1.0044e+19
-1.0763e+19
-1.12965e+19
-1.16465e+19
-1.1818e+19
-1.18186e+19
-1.1659e+19
-1.1352e+19
-1.09125e+19
-1.03572e+19
-9.70414e+18
-8.97244e+18
-8.18172e+18
-7.35186e+18
-6.50254e+18
-5.65286e+18
-4.82103e+18
-4.02399e+18
-3.27715e+18
-2.59411e+18
-1.98642e+18
-1.46348e+18
-1.03236e+18
-6.97724e+17
-4.6187e+17
-3.24703e+17
-2.83839e+17
-3.34729e+17
-4.70821e+17
-6.8377e+17
-9.63678e+17
-1.29936e+18
-1.67862e+18
-2.08857e+18
-2.51594e+18
-2.94737e+18
-3.36974e+18
-3.77043e+18
-4.13764e+18
-4.46062e+18
-4.72986e+18
-4.93736e+18
-5.07668e+18
-5.14315e+18
-5.13389e+18
-5.04784e+18
-4.88579e+18
-4.65026e+18
-4.34549e+18
-3.97725e+18
-3.55269e+18
-3.08019e+18
-2.56911e+18
-2.02955e+18
-1.47215e+18
-9.07786e+17
-3.47357e+17
1.98492e+17
7.19604e+17
1.20653e+18
1.65074e+18
2.04482e+18
2.38258e+18
2.65925e+18
2.87148e+18
3.01749e+18
3.09699e+18
3.11126e+18
3.06302e+18
2.95637e+18
2.79669e+18
2.59048e+18
2.34518e+18
2.06901e+18
1.77072e+18
1.45944e+18
1.1444e+18
8.34723e+17
5.39239e+17
2.66249e+17
2.33437e+16
-1.82767e+17
-3.46405e+17
-4.6305e+17
-5.29428e+17
-5.43581e+17
-5.04896e+17
-4.14105e+17
-2.73254e+17
-8.56377e+16
1.44292e+17
4.11046e+17
7.0824e+17
1.02876e+18
1.36494e+18
1.70877e+18
2.05205e+18
2.38664e+18
2.70465e+18
2.9986e+18
3.26164e+18
3.48769e+18
3.67159e+18
3.80923e+18
3.89762e+18
3.935e+18
3.92084e+18
3.85585e+18
3.74199e+18
3.58237e+18
3.38121e+18
3.14371e+18
2.87591e+18
2.58456e+18
2.27695e+18
1.96068e+18
1.64355e+18
1.33329e+18
1.03741e+18
7.63009e+17
5.16572e+17
3.03832e+17
1.29616e+17
-2.27755e+15
-8.91756e+16
-1.296e+17
-1.2331e+17
-7.13088e+16
2.41726e+16
1.59729e+17
3.30862e+17
5.32084e+17
7.57055e+17
9.98736e+17
1.24956e+18
1.50162e+18
1.74688e+18
1.97734e+18
2.18529e+18
2.36345e+18
2.50522e+18
2.60481e+18
2.6574e+18
2.65928e+18
2.60798e+18
2.50229e+18
2.34238e+18
2.12975e+18
1.86724e+18
1.55899e+18
1.21034e+18
8.27686e+17
4.18401e+17
1.94746e+18
1.98106e+18
1.93153e+18
1.79515e+18
1.571e+18
1.26102e+18
8.7006e+17
4.05772e+17
-1.21574e+17
-6.99348e+17
-1.31292e+18
-1.94606e+18
-2.58147e+18
-3.20127e+18
-3.78757e+18
-4.32307e+18
-4.79161e+18
-5.17874e+18
-5.47221e+18
-5.66247e+18
-5.74302e+18
-5.71072e+18
-5.56602e+18
-5.31303e+18
-4.95951e+18
-4.51678e+18
-3.99944e+18
-3.42506e+18
-2.81372e+18
-2.18744e+18
-1.56964e+18
-9.84387e+17
-4.55731e+17
-6.9396e+15
3.40237e+17
5.66284e+17
6.54608e+17
5.92147e+17
3.69911e+17
-1.65857e+16
-5.67e+17
-1.27597e+18
-2.13304e+18
-3.12277e+18
-4.22494e+18
-5.41489e+18
-6.66407e+18
-7.94061e+18
-9.21007e+18
-1.04362e+19
-1.15821e+19
-1.26106e+19
-1.34857e+19
-1.41736e+19
-1.46432e+19
-1.48673e+19
-1.48233e+19
-1.44939e+19
-1.3868e+19
-1.29406e+19
-1.17136e+19
-1.01957e+19
-8.4023e+18
-6.35568e+18
-4.08429e+18
-1.62234e+18
9.9083e+17
3.71159e+18
6.49294e+18
9.2855e+18
1.20386e+19
1.47015e+19
1.72242e+19
1.95592e+19
2.16618e+19
2.34918e+19
2.50141e+19
2.61994e+19
2.70252e+19
2.7476e+19
2.75441e+19
2.72291e+19
2.65384e+19
2.54869e+19
2.40967e+19
2.23964e+19
2.04205e+19
1.82085e+19
1.58042e+19
1.32546e+19
1.06086e+19
7.91612e+18
5.22685e+18
2.58921e+18
4.92078e+16
-2.35049e+18
-4.57148e+18
-6.58043e+18
-8.34966e+18
-9.8577e+18
-1.10896e+19
-1.20371e+19
-1.26985e+19
-1.30789e+19
-1.31893e+19
-1.30466e+19
-1.26727e+19
-1.20942e+19
-1.13409e+19
-1.04455e+19
-9.44268e+18
-8.36766e+18
-7.25574e+18
-6.14117e+18
-5.05635e+18
-4.03103e+18
-3.09162e+18
-2.2606e+18
-1.55609e+18
-9.91513e+17
-5.75399e+17
-3.11358e+17
-1.98165e+17
-2.29988e+17
-3.96735e+17
-6.84512e+17
-1.07617e+18
-1.55196e+18
-2.09016e+18
-2.66785e+18
-3.26163e+18
-3.84835e+18
-4.40577e+18
-4.91327e+18
-5.3524e+18
-5.7074e+18
-5.96558e+18
-6.11767e+18
-6.15799e+18
-6.08453e+18
-5.89894e+18
-5.60636e+18
-5.21522e+18
-4.73683e+18
-4.18504e+18
-3.5757e+18
-2.92615e+18
-2.25463e+18
-1.57969e+18
-9.1964e+17
-2.91928e+17
2.87339e+17
8.03892e+17
1.24571e+18
1.60334e+18
1.87015e+18
2.0425e+18
2.11976e+18
2.10431e+18
2.00139e+18
1.81887e+18
1.567e+18
1.258e+18
9.05632e+17
5.24791e+17
1.30962e+17
-2.6026e+17
-6.33672e+17
-9.74937e+17
-1.27103e+18
-1.51064e+18
-1.68448e+18
-1.78558e+18
-1.80946e+18
-1.75424e+18
-1.62068e+18
-1.41207e+18
-1.13415e+18
-7.94843e+17
-4.03998e+17
2.69649e+16
4.85439e+17
9.58053e+17
1.43112e+18
1.89106e+18
2.32488e+18
2.72054e+18
3.06737e+18
3.35638e+18
3.58053e+18
3.73497e+18
3.8171e+18
3.82673e+18
3.76596e+18
3.63916e+18
3.45276e+18
3.21504e+18
2.93583e+18
2.62614e+18
2.29785e+18
1.96323e+18
1.6346e+18
1.32385e+18
1.04211e+18
7.9933e+17
6.0397e+17
4.62741e+17
3.80366e+17
3.59442e+17
4.00358e+17
5.01288e+17
6.58264e+17
8.65311e+17
1.11466e+18
1.397e+18
1.70183e+18
2.01776e+18
2.33296e+18
2.63551e+18
2.91386e+18
3.15715e+18
3.35568e+18
3.50114e+18
3.58698e+18
3.6086e+18
3.56353e+18
3.45154e+18
3.27462e+18
3.03698e+18
2.74487e+18
2.40644e+18
2.03144e+18
1.6309e+18
1.2168e+18
8.01653e+17
3.98079e+17
1.83907e+16
-3.2583e+17
-6.24133e+17
-8.67568e+17
-1.04901e+18
-1.16341e+18
-1.20802e+18
-1.18249e+18
-1.08894e+18
-9.31909e+17
-7.18244e+17
-4.56915e+17
-1.58743e+17
1.63932e+17
4.97636e+17
8.28193e+17
1.14119e+18
1.42244e+18
1.65848e+18
1.83705e+18
-2.7345e+18
-2.47038e+18
-2.14229e+18
-1.76866e+18
-1.37027e+18
-9.6939e+17
-5.8886e+17
-2.51086e+17
2.29475e+16
2.14622e+17
3.08565e+17
2.93406e+17
1.62383e+17
-8.62288e+16
-4.48891e+17
-9.1679e+17
-1.47605e+18
-2.10818e+18
-2.79067e+18
-3.49787e+18
-4.20193e+18
-4.87393e+18
-5.48506e+18
-6.00785e+18
-6.41734e+18
-6.6923e+18
-6.81619e+18
-6.77808e+18
-6.57334e+18
-6.20409e+18
-5.67937e+18
-5.01512e+18
-4.23384e+18
-3.36393e+18
-2.43884e+18
-1.49599e+18
-5.75435e+17
2.8157e+17
1.03413e+18
1.64331e+18
2.07375e+18
2.29517e+18
2.28376e+18
2.02341e+18
1.50668e+18
7.3548e+17
-2.78548e+17
-1.51396e+18
-2.93984e+18
-4.51643e+18
-6.19611e+18
-7.92471e+18
-9.64309e+18
-1.12889e+19
-1.27985e+19
-1.41092e+19
-1.51611e+19
-1.58995e+19
-1.62766e+19
-1.62533e+19
-1.58009e+19
-1.49024e+19
-1.35533e+19
-1.17619e+19
-9.54999e+18
-6.95218e+18
-4.01525e+18
-7.97097e+17
2.63475e+18
6.20493e+18
9.83231e+18
1.34323e+19
1.69191e+19
2.02085e+19
2.322e+19
2.58794e+19
2.81208e+19
2.98888e+19
3.11399e+19
3.18439e+19
3.19846e+19
3.15605e+19
3.05849e+19
2.90848e+19
2.71009e+19
2.46858e+19
2.19025e+19
1.88224e+19
1.55235e+19
1.20874e+19
8.59758e+18
5.13662e+18
1.78376e+18
-1.38717e+18
-4.30987e+18
-6.92729e+18
-9.19305e+18
-1.10725e+19
-1.25436e+19
-1.35967e+19
-1.42349e+19
-1.44732e+19
-1.43379e+19
-1.38648e+19
-1.30983e+19
-1.20892e+19
-1.08932e+19
-9.5682e+18
-8.17311e+18
-6.76527e+18
-5.3988e+18
-4.12288e+18
-2.98025e+18
-2.00606e+18
-1.22695e+18
-6.60494e+17
-3.15003e+17
-1.89634e+17
-2.7484e+17
-5.53113e+17
-1e+18
-1.58533e+18
-2.2746e+18
-3.0305e+18
-3.81448e+18
-4.58828e+18
-5.31543e+18
-5.96266e+18
-6.50105e+18
-6.9071e+18
-7.16341e+18
-7.25928e+18
-7.19084e+18
-6.96107e+18
-6.57947e+18
-6.06147e+18
-5.4277e+18
-4.70298e+18
-3.91524e+18
-3.09432e+18
-2.27072e+18
-1.47434e+18
-7.33321e+17
-7.29233e+16
4.85404e+17
9.24817e+17
1.23365e+18
1.40578e+18
1.44075e+18
1.34368e+18
1.12494e+18
7.99641e+17
3.86905e+17
-9.09615e+16
-6.09441e+17
-1.14284e+18
-1.66533e+18
-2.15202e+18
-2.57994e+18
-2.92892e+18
-3.18237e+18
-3.3279e+18
-3.35769e+18
-3.26881e+18
-3.06318e+18
-2.74745e+18
-2.33263e+18
-1.83357e+18
-1.26827e+18
-6.57126e+17
-2.20481e+16
6.14478e+17
1.2303e+18
1.80451e+18
2.31827e+18
2.75555e+18
3.10373e+18
3.35407e+18
3.50201e+18
3.54725e+18
3.49372e+18
3.34932e+18
3.12554e+18
2.83689e+18
2.50028e+18
2.13422e+18
1.75804e+18
1.39105e+18
1.05174e+18
7.5694e+17
5.21206e+17
3.56168e+17
2.7009e+17
2.67553e+17
3.493e+17
5.12246e+17
7.4965e+17
1.05144e+18
1.4047e+18
1.79421e+18
2.20317e+18
2.61393e+18
3.00874e+18
3.37056e+18
3.68376e+18
3.93483e+18
4.11293e+18
4.21038e+18
4.22297e+18
4.15012e+18
3.99493e+18
3.76399e+18
3.46716e+18
3.11707e+18
2.72859e+18
2.31819e+18
1.90322e+18
1.50112e+18
1.12871e+18
8.01418e+17
5.32595e+17
3.32947e+17
2.10039e+17
1.67958e+17
2.07111e+17
3.24189e+17
5.12286e+17
7.61183e+17
1.05776e+18
1.38657e+18
1.73046e+18
2.07133e+18
2.3909e+18
2.67152e+18
2.89695e+18
3.05303e+18
3.1284e+18
3.11495e+18
3.00825e+18
2.80781e+18
2.51707e+18
2.1434e+18
1.69777e+18
1.19433e+18
6.49885e+17
8.31594e+16
-4.85951e+17
-1.03723e+18
-1.55099e+18
-2.00896e+18
-2.39506e+18
-2.69611e+18
-2.90252e+18
-3.00865e+18
-3.01321e+18
-2.91932e+18
-1.58577e+18
-2.12922e+18
-2.61029e+18
-3.00644e+18
-3.29947e+18
-3.47663e+18
-3.53144e+18
-3.46421e+18
-3.28214e+18
-2.99915e+18
-2.63523e+18
-2.21554e+18
-1.76913e+18
-1.32744e+18
-9.22624e+17
-5.85811e+17
-3.45316e+17
-2.24984e+17
-2.42706e+17
-4.09208e+17
-7.27182e+17
-1.19081e+18
-1.78573e+18
-2.48946e+18
-3.27225e+18
-4.09837e+18
-4.92774e+18
-5.71788e+18
-6.42607e+18
-7.01157e+18
-7.43784e+18
-7.67473e+18
-7.70029e+18
-7.50235e+18
-7.07966e+18
-6.44249e+18
-5.61271e+18
-4.62331e+18
-3.51733e+18
-2.34622e+18
-1.16778e+18
-4.36185e+16
9.63612e+17
1.79323e+18
2.38954e+18
2.70478e+18
2.70183e+18
2.35652e+18
1.6595e+18
6.17518e+17
-7.4606e+17
-2.39133e+18
-4.26273e+18
-6.29069e+18
-8.39387e+18
-1.0482e+19
-1.24595e+19
-1.42289e+19
-1.5695e+19
-1.67689e+19
-1.73717e+19
-1.74384e+19
-1.6921e+19
-1.57908e+19
-1.40405e+19
-1.16852e+19
-8.76276e+18
-5.33266e+18
-1.4748e+18
2.71305e+18
7.11847e+18
1.16181e+19
1.6082e+19
2.03783e+19
2.43777e+19
2.79585e+19
3.10108e+19
3.34407e+19
3.51736e+19
3.61572e+19
3.63631e+19
3.57878e+19
3.44531e+19
3.2405e+19
2.97116e+19
2.6461e+19
2.27576e+19
1.87182e+19
1.44676e+19
1.0134e+19
5.8445e+18
1.72026e+18
-2.12757e+18
-5.60163e+18
-8.62154e+18
-1.11263e+19
-1.30758e+19
-1.44519e+19
-1.52576e+19
-1.55167e+19
-1.52719e+19
-1.4582e+19
-1.35189e+19
-1.21646e+19
-1.06067e+19
-8.93511e+18
-7.23791e+18
-5.59785e+18
-4.08914e+18
-2.77466e+18
-1.70386e+18
-9.11314e+17
-4.15908e+17
-2.20875e+17
-3.14447e+17
-6.71184e+17
-1.25387e+18
-2.01585e+18
-2.90377e+18
-3.86039e+18
-4.82764e+18
-5.74943e+18
-6.57437e+18
-7.2581e+18
-7.76522e+18
-8.07071e+18
-8.1608e+18
-8.03322e+18
-7.69698e+18
-7.17147e+18
-6.48516e+18
-5.67387e+18
-4.77875e+18
-3.84401e+18
-2.91455e+18
-2.03374e+18
-1.24118e+18
-5.7081e+17
-4.9323e+16
3.05018e+17
4.83111e+17
4.85257e+17
3.20937e+17
8.11646e+15
-4.27857e+17
-9.55704e+17
-1.53994e+18
-2.14277e+18
-2.72608e+18
-3.25339e+18
-3.69165e+18
-4.01297e+18
-4.19583e+18
-4.2262e+18
-4.09802e+18
-3.81347e+18
-3.38268e+18
-2.82312e+18
-2.1586e+18
-1.41794e+18
-6.33481e+17
1.60629e+17
9.3018e+17
1.64262e+18
2.26868e+18
2.78379e+18
3.16923e+18
3.41298e+18
3.51024e+18
3.46352e+18
3.28238e+18
2.98286e+18
2.58653e+18
2.11928e+18
1.60997e+18
1.08888e+18
5.86124e+17
1.3016e+17
-2.53678e+17
-5.44405e+17
-7.2639e+17
-7.90065e+17
-7.32308e+17
-5.56494e+17
-2.72201e+17
1.05397e+17
5.56418e+17
1.05739e+18
1.58256e+18
2.10526e+18
2.59933e+18
3.04052e+18
3.40773e+18
3.68405e+18
3.85767e+18
3.92237e+18
3.8778e+18
3.72944e+18
3.48821e+18
3.16984e+18
2.79393e+18
2.38289e+18
1.96069e+18
1.55154e+18
1.17858e+18
8.62642e+17
6.21125e+17
4.67089e+17
4.08565e+17
4.48146e+17
5.82885e+17
8.04471e+17
1.09971e+18
1.45128e+18
1.83863e+18
2.2392e+18
2.62958e+18
2.98682e+18
3.28967e+18
3.51976e+18
3.66258e+18
3.70828e+18
3.65222e+18
3.49521e+18
3.2435e+18
2.90841e+18
2.50576e+18
2.05499e+18
1.57815e+18
1.09864e+18
6.39974e+17
2.24508e+17
-1.27828e+17
-4.00611e+17
-5.81853e+17
-6.64677e+17
-6.47736e+17
-5.3532e+17
-3.37161e+17
-6.79439e+16
2.53465e+17
6.05015e+17
9.62662e+17
1.30167e+18
1.59796e+18
1.82948e+18
1.97741e+18
2.02727e+18
1.96974e+18
1.80131e+18
1.5245e+18
1.14786e+18
6.85561e+17
1.56711e+17
-4.15598e+17
-1.00551e+18
