-1.96266e+18
-2.17101e+18
-2.32994e+18
-2.43419e+18
-2.48133e+18
-2.47197e+18
-2.40993e+18
-2.30214e+18
-2.1584e+18
-1.991e+18
-1.81414e+18
-1.6432e+18
-1.494e+18
-1.38189e+18
-1.32084e+18
-1.32264e+18
-1.39606e+18
-1.54622e+18
-1.77404e+18
-2.07595e+18
-2.44381e+18
-2.86504e+18
-3.32301e+18
-3.79768e+18
-4.26646e+18
-4.70523e+18
-5.08948e+18
-5.39565e+18
-5.60237e+18
-5.69175e+18
-5.65058e+18
-5.4713e+18
-5.15282e+18
-4.70107e+18
-4.12919e+18
-3.45742e+18
-2.71266e+18
-1.92761e+18
-1.13969e+18
-3.89546e+17
2.80613e+17
8.28848e+17
1.21548e+18
1.40504e+18
1.36823e+18
1.08363e+18
5.39251e+17
-2.66298e+17
-1.32298e+18
-2.60898e+18
-4.09079e+18
-5.72388e+18
-7.45371e+18
-9.21738e+18
-1.09456e+19
-1.25649e+19
-1.40005e+19
-1.5179e+19
-1.60312e+19
-1.64949e+19
-1.65179e+19
-1.60599e+19
-1.50949e+19
-1.36128e+19
-1.16202e+19
-9.14112e+18
-6.21651e+18
-2.90369e+18
7.25219e+17
4.58527e+18
8.58125e+18
1.26106e+19
1.65668e+19
2.03427e+19
2.38342e+19
2.69437e+19
2.95836e+19
3.1679e+19
3.31705e+19
3.40162e+19
3.41931e+19
3.36979e+19
3.25472e+19
3.07768e+19
2.84404e+19
2.56077e+19
2.23619e+19
1.8797e+19
1.50145e+19
1.11197e+19
7.21814e+18
3.41247e+18
-2.013e+17
-3.53668e+18
-6.51936e+18
-9.08937e+18
-1.12027e+19
-1.2832e+19
-1.39674e+19
-1.46156e+19
-1.47995e+19
-1.4556e+19
-1.39348e+19
-1.29954e+19
-1.18049e+19
-1.04347e+19
-8.9578e+18
-7.4461e+18
-5.96738e+18
-4.5831e+18
-3.34624e+18
-2.29966e+18
-1.47497e+18
-8.91866e+17
-5.57982e+17
-4.69262e+17
-6.10798e+17
-9.58079e+17
-1.47859e+18
-2.13367e+18
-2.88055e+18
-3.67449e+18
-4.47084e+18
-5.2271e+18
-5.90469e+18
-6.47051e+18
-6.89823e+18
-7.1691e+18
-7.27251e+18
-7.20608e+18
-6.97539e+18
-6.59339e+18
-6.07944e+18
-5.45817e+18
-4.7581e+18
-4.01015e+18
-3.24611e+18
-2.49715e+18
-1.79236e+18
-1.15755e+18
-6.14185e+17
-1.78545e+17
1.38764e+17
3.33066e+17
4.05564e+17
3.63024e+17
2.17199e+17
-1.59394e+16
-3.17151e+17
-6.64981e+17
-1.03687e+18
-1.41027e+18
-1.76372e+18
-2.07779e+18
-2.33593e+18
-2.52509e+18
-2.63617e+18
-2.66428e+18
-2.60873e+18
-2.47284e+18
-2.26359e+18
-1.99106e+18
-1.66777e+18
-1.30794e+18
-9.26644e+17
-5.39082e+17
-1.59747e+17
1.98238e+17
5.23715e+17
8.07944e+17
1.04491e+18
1.23147e+18
1.36734e+18
1.45493e+18
1.49906e+18
1.5065e+18
1.48555e+18
1.44539e+18
1.39557e+18
1.34541e+18
1.30347e+18
1.2771e+18
1.27204e+18
1.29219e+18
1.33942e+18
1.41362e+18
1.51272e+18
1.63292e+18
1.76904e+18
1.91482e+18
2.06339e+18
2.2077e+18
2.341e+18
2.4572e+18
2.55127e+18
2.61954e+18
2.65985e+18
2.67173e+18
2.65632e+18
2.61634e+18
2.55587e+18
2.48004e+18
2.39477e+18
2.30634e+18
2.22101e+18
2.14463e+18
2.08228e+18
2.03796e+18
2.01433e+18
2.0126e+18
2.0324e+18
2.07183e+18
2.12759e+18
2.19518e+18
2.26919e+18
2.34361e+18
2.41221e+18
2.46895e+18
2.50836e+18
2.52583e+18
2.51798e+18
2.48282e+18
2.41993e+18
2.33048e+18
2.21718e+18
2.08412e+18
1.93656e+18
1.7806e+18
1.62278e+18
1.46973e+18
1.32772e+18
1.20227e+18
1.09776e+18
1.01715e+18
9.6174e+17
9.31035e+17
9.22734e+17
9.32807e+17
9.55685e+17
9.84558e+17
1.01175e+18
1.02917e+18
1.02877e+18
1.00308e+18
9.45686e+17
8.51641e+17
7.17873e+17
5.43443e+17
3.29718e+17
8.03994e+16
-1.98568e+17
-4.99234e+17
-8.11995e+17
-1.12607e+18
-1.43004e+18
-1.7125e+18
-3.16022e+17
-2.38948e+17
-1.59668e+17
-8.68482e+16
-2.94561e+16
3.64408e+15
4.11486e+15
-3.54354e+16
-1.21054e+17
-2.57086e+17
-4.45872e+17
-6.87518e+17
-9.79755e+17
-1.31789e+18
-1.69487e+18
-2.10143e+18
-2.52636e+18
-2.9569e+18
-3.37913e+18
-3.77855e+18
-4.14062e+18
-4.45141e+18
-4.69816e+18
-4.86994e+18
-4.95822e+18
-4.95733e+18
-4.8649e+18
-4.68218e+18
-4.41419e+18
-4.06979e+18
-3.66155e+18
-3.2055e+18
-2.72074e+18
-2.22884e+18
-1.75323e+18
-1.31836e+18
-9.48849e+17
-6.68579e+17
-4.99713e+17
-4.61769e+17
-5.70718e+17
-8.38163e+17
-1.27063e+18
-1.86898e+18
-2.62803e+18
-3.53632e+18
-4.57612e+18
-5.7236e+18
-6.94927e+18
-8.21861e+18
-9.4929e+18
-1.07302e+19
-1.18865e+19
-1.2917e+19
-1.37775e+19
-1.44258e+19
-1.48231e+19
-1.4935e+19
-1.47334e+19
-1.41971e+19
-1.33129e+19
-1.20762e+19
-1.04919e+19
-8.57399e+18
-6.34604e+18
-3.84058e+18
-1.09863e+18
1.83125e+18
4.89402e+18
8.02947e+18
1.11738e+19
1.42611e+19
1.72253e+19
2.00017e+19
2.25288e+19
2.475e+19
2.66152e+19
2.80818e+19
2.91167e+19
2.96963e+19
2.98078e+19
2.94492e+19
2.86297e+19
2.7369e+19
2.56974e+19
2.3654e+19
2.12868e+19
1.86502e+19
1.58044e+19
1.28133e+19
9.74276e+18
6.659e+18
3.6268e+18
7.07709e+17
-2.04141e+18
-4.56987e+18
-6.83433e+18
-8.79976e+18
-1.04402e+19
-1.1739e+19
-1.26894e+19
-1.32939e+19
-1.35641e+19
-1.35199e+19
-1.31887e+19
-1.26045e+19
-1.18061e+19
-1.08363e+19
-9.74001e+18
-8.56324e+18
-7.35128e+18
-6.14751e+18
-4.99214e+18
-3.92111e+18
-2.96514e+18
-2.14903e+18
-1.49114e+18
-1.00315e+18
-6.89987e+17
-5.50036e+17
-5.75514e+17
-7.5306e+17
-1.06448e+18
-1.48762e+18
-1.99736e+18
-2.56662e+18
-3.16743e+18
-3.772e+18
-4.35367e+18
-4.88786e+18
-5.35282e+18
-5.73034e+18
-6.00625e+18
-6.17074e+18
-6.21853e+18
-6.14891e+18
-5.9655e+18
-5.67601e+18
-5.29171e+18
-4.82694e+18
-4.29836e+18
-3.72431e+18
-3.12401e+18
-2.51684e+18
-1.92159e+18
-1.35578e+18
-8.35071e+17
-3.72756e+17
2.06457e+16
3.37659e+17
5.74005e+17
7.28619e+17
8.03551e+17
8.03749e+17
7.36734e+17
6.12197e+17
4.41525e+17
2.37279e+17
1.26514e+16
-2.1908e+17
-4.45082e+17
-6.53449e+17
-8.33633e+17
-9.76805e+17
-1.07612e+18
-1.12692e+18
-1.12678e+18
-1.07554e+18
-9.75177e+17
-8.29649e+17
-6.44603e+17
-4.2708e+17
-1.85147e+17
7.24915e+16
3.36894e+17
5.99276e+17
8.5138e+17
1.08581e+18
1.2963e+18
1.47795e+18
1.6274e+18
1.74284e+18
1.82409e+18
1.8725e+18
1.89082e+18
1.88301e+18
1.85401e+18
1.80948e+18
1.75545e+18
1.69809e+18
1.64333e+18
1.59664e+18
1.56277e+18
1.5455e+18
1.54752e+18
1.57032e+18
1.61413e+18
1.67795e+18
1.75964e+18
1.85602e+18
1.96305e+18
2.07607e+18
2.19e+18
2.29965e+18
2.39993e+18
2.48612e+18
2.5541e+18
2.60057e+18
2.62317e+18
2.62061e+18
2.59275e+18
2.54055e+18
2.46609e+18
2.37241e+18
2.26339e+18
2.14356e+18
2.01785e+18
1.89142e+18
1.7693e+18
1.65627e+18
1.55651e+18
1.4735e+18
1.40975e+18
1.36676e+18
1.34488e+18
1.34331e+18
1.36013e+18
1.39241e+18
1.4363e+18
1.48725e+18
1.54022e+18
1.58991e+18
1.63104e+18
1.65862e+18
1.66818e+18
1.65603e+18
1.61944e+18
1.5568e+18
1.46774e+18
1.35318e+18
1.21528e+18
1.05742e+18
8.84029e+17
7.00389e+17
5.12429e+17
3.26426e+17
1.48714e+17
-1.4637e+16
-1.58126e+17
-2.77121e+17
-3.68122e+17
-4.28984e+17
-4.59081e+17
-4.59406e+17
-4.326e+17
-3.82901e+17
8.02829e+17
7.07433e+17
5.77355e+17
4.12753e+17
2.14976e+17
-1.34431e+16
-2.68825e+17
-5.46432e+17
-8.40587e+17
-1.14484e+18
-1.45215e+18
-1.75512e+18
-2.04622e+18
-2.31808e+18
-2.56371e+18
-2.77677e+18
-2.95185e+18
-3.08468e+18
-3.17231e+18
-3.21335e+18
-3.208e+18
-3.15824e+18
-3.06774e+18
-2.94195e+18
-2.78791e+18
-2.61419e+18
-2.43065e+18
-2.2482e+18
-2.07853e+18
-1.93375e+18
-1.82603e+18
-1.76723e+18
-1.76849e+18
-1.83985e+18
-1.98986e+18
-2.22521e+18
-2.5504e+18
-2.96747e+18
-3.47578e+18
-4.07184e+18
-4.74919e+18
-5.49844e+18
-6.30728e+18
-7.16066e+18
-8.041e+18
-8.9285e+18
-9.80152e+18
-1.0637e+19
-1.1411e+19
-1.20991e+19
-1.26774e+19
-1.31224e+19
-1.34123e+19
-1.35271e+19
-1.34496e+19
-1.31654e+19
-1.2664e+19
-1.19384e+19
-1.09862e+19
-9.8094e+18
-8.41468e+18
-6.8133e+18
-5.02116e+18
-3.05853e+18
-9.49808e+17
1.27691e+18
3.59028e+18
5.95631e+18
8.33897e+18
1.07009e+19
1.30042e+19
1.52111e+19
1.72847e+19
1.91901e+19
2.08945e+19
2.23686e+19
2.35866e+19
2.45271e+19
2.51736e+19
2.55148e+19
2.55447e+19
2.52628e+19
2.46745e+19
2.37902e+19
2.26261e+19
2.12029e+19
1.95459e+19
1.76845e+19
1.56512e+19
1.34814e+19
1.12123e+19
8.88205e+18
6.52942e+18
4.19257e+18
1.90849e+18
-2.87794e+17
-2.3639e+18
-4.29071e+18
-6.04285e+18
-7.59921e+18
-8.94321e+18
-1.00631e+19
-1.09519e+19
-1.16076e+19
-1.20332e+19
-1.22359e+19
-1.22274e+19
-1.20232e+19
-1.16421e+19
-1.1106e+19
-1.04388e+19
-9.66592e+18
-8.81398e+18
-7.90974e+18
-6.97966e+18
-6.04923e+18
-5.14245e+18
-4.28125e+18
-3.48509e+18
-2.77061e+18
-2.1513e+18
-1.63732e+18
-1.23541e+18
-9.48867e+17
-7.77621e+17
-7.18381e+17
-7.64882e+17
-9.08184e+17
-1.13703e+18
-1.43827e+18
-1.79727e+18
-2.19841e+18
-2.62554e+18
-3.06246e+18
-3.49336e+18
-3.90324e+18
-4.27831e+18
-4.60633e+18
-4.87686e+18
-5.08152e+18
-5.21411e+18
-5.27071e+18
-5.24972e+18
-5.15176e+18
-4.97963e+18
-4.73809e+18
-4.43367e+18
-4.07442e+18
-3.66958e+18
-3.22931e+18
-2.76436e+18
-2.28569e+18
-1.8042e+18
-1.33039e+18
-8.74078e+17
-4.4414e+17
-4.83032e+16
3.07037e+17
6.16944e+17
8.78016e+17
1.08842e+18
1.24788e+18
1.35759e+18
1.42014e+18
1.43933e+18
1.42003e+18
1.36796e+18
1.28948e+18
1.19134e+18
1.08047e+18
9.63726e+17
8.47694e+17
7.3848e+17
6.41534e+17
5.61505e+17
5.02125e+17
4.66129e+17
4.55213e+17
4.70028e+17
5.10204e+17
5.74417e+17
6.60482e+17
7.65464e+17
8.85827e+17
1.01758e+18
1.15646e+18
1.29808e+18
1.43811e+18
1.57242e+18
1.69726e+18
1.80936e+18
1.90605e+18
1.98533e+18
2.04595e+18
2.08739e+18
2.1099e+18
2.11447e+18
2.10273e+18
2.0769e+18
2.03969e+18
1.99415e+18
1.94358e+18
1.89135e+18
1.84082e+18
1.79513e+18
1.75712e+18
1.72921e+18
1.71331e+18
1.7107e+18
1.72204e+18
1.7473e+18
1.78576e+18
1.83607e+18
1.89626e+18
1.96383e+18
2.03584e+18
2.10904e+18
2.17997e+18
2.24511e+18
2.30101e+18
2.34443e+18
2.37246e+18
2.38266e+18
2.37314e+18
2.34265e+18
2.29066e+18
2.21737e+18
2.12372e+18
2.0114e+18
1.88275e+18
1.74076e+18
1.58889e+18
1.43104e+18
1.27133e+18
1.11403e+18
9.63349e+17
8.23309e+17
6.97585e+17
5.89359e+17
5.01193e+17
4.34918e+17
3.91549e+17
3.71223e+17
3.73169e+17
3.95715e+17
4.36313e+17
4.91616e+17
5.57563e+17
6.29512e+17
7.02386e+17
7.70839e+17
8.29442e+17
8.72872e+17
8.96107e+17
8.94615e+17
8.64534e+17
-7.92446e+17
-9.97441e+17
-1.18997e+18
-1.36662e+18
-1.52426e+18
-1.66015e+18
-1.77205e+18
-1.85828e+18
-1.91781e+18
-1.95031e+18
-1.95619e+18
-1.93666e+18
-1.8937e+18
-1.83008e+18
-1.74933e+18
-1.65568e+18
-1.554e+18
-1.44973e+18
-1.34877e+18
-1.25734e+18
-1.18188e+18
-1.12891e+18
-1.10485e+18
-1.11589e+18
-1.1678e+18
-1.26583e+18
-1.41448e+18
-1.61743e+18
-1.87734e+18
-2.19579e+18
-2.57313e+18
-3.00841e+18
-3.49937e+18
-4.04232e+18
-4.6322e+18
-5.26259e+18
-5.92573e+18
-6.61264e+18
-7.31317e+18
-8.0162e+18
-8.70973e+18
-9.38111e+18
-1.00172e+19
-1.06047e+19
-1.113e+19
-1.15801e+19
-1.19422e+19
-1.22042e+19
-1.2355e+19
-1.23847e+19
-1.22847e+19
-1.20481e+19
-1.16695e+19
-1.11458e+19
-1.04756e+19
-9.65976e+18
-8.70139e+18
-7.60571e+18
-6.38017e+18
-5.03436e+18
-3.5799e+18
-2.03036e+18
-4.01057e+17
1.29113e+18
3.02799e+18
4.79018e+18
6.55758e+18
8.30953e+18
1.00251e+19
1.16836e+19
1.32645e+19
1.47482e+19
1.61161e+19
1.73507e+19
1.84363e+19
1.9359e+19
2.01068e+19
2.06703e+19
2.1042e+19
2.12174e+19
2.11942e+19
2.09731e+19
2.05571e+19
1.99519e+19
1.91659e+19
1.82095e+19
1.70955e+19
1.58388e+19
1.44557e+19
1.29645e+19
1.13843e+19
9.73536e+18
8.03847e+18
6.31473e+18
4.58522e+18
2.87069e+18
1.19121e+18
-4.34072e+17
-1.98723e+18
-3.4518e+18
-4.81302e+18
-6.05801e+18
-7.17593e+18
-8.15809e+18
-8.99805e+18
-9.69167e+18
-1.02371e+19
-1.06347e+19
-1.08871e+19
-1.0999e+19
-1.0977e+19
-1.08296e+19
-1.05666e+19
-1.01994e+19
-9.74062e+18
-9.2035e+18
-8.60206e+18
-7.95066e+18
-7.26375e+18
-6.55565e+18
-5.84028e+18
-5.13093e+18
-4.44009e+18
-3.77919e+18
-3.1585e+18
-2.58697e+18
-2.07211e+18
-1.61992e+18
-1.23486e+18
-9.19816e+17
-6.76104e+17
-5.03539e+17
-4.0049e+17
-3.63977e+17
-3.89795e+17
-4.72645e+17
-6.06293e+17
-7.83737e+17
-9.97381e+17
-1.23922e+18
-1.50101e+18
-1.77447e+18
-2.05144e+18
-2.32406e+18
-2.58489e+18
-2.82709e+18
-3.04452e+18
-3.23185e+18
-3.3846e+18
-3.49927e+18
-3.57331e+18
-3.60517e+18
-3.59428e+18
-3.54101e+18
-3.44665e+18
-3.31333e+18
-3.1439e+18
-2.9419e+18
-2.71141e+18
-2.45695e+18
-2.18333e+18
-1.89559e+18
-1.59881e+18
-1.29804e+18
-9.98145e+17
-7.0375e+17
-4.191e+17
-1.47998e+17
1.06266e+17
3.40968e+17
5.53994e+17
7.43854e+17
9.09697e+17
1.05129e+18
1.16902e+18
1.26381e+18
1.33711e+18
1.39083e+18
1.42723e+18
1.4489e+18
1.45864e+18
1.45938e+18
1.45409e+18
1.44574e+18
1.43714e+18
1.43093e+18
1.42949e+18
1.43488e+18
1.4488e+18
1.47255e+18
1.50699e+18
1.55256e+18
1.60925e+18
1.67662e+18
1.75385e+18
1.83972e+18
1.9327e+18
2.031e+18
2.13258e+18
2.23528e+18
2.33685e+18
2.435e+18
2.52752e+18
2.61229e+18
2.68739e+18
2.75112e+18
2.80206e+18
2.83909e+18
2.86149e+18
2.86885e+18
2.86117e+18
2.83883e+18
2.80257e+18
2.75345e+18
2.69287e+18
2.62249e+18
2.54416e+18
2.45994e+18
2.37195e+18
2.28237e+18
2.19336e+18
2.10697e+18
2.02512e+18
1.94951e+18
1.88157e+18
1.82243e+18
1.77289e+18
1.73334e+18
1.70381e+18
1.68393e+18
1.67294e+18
1.66969e+18
1.67271e+18
1.68019e+18
1.69009e+18
1.70014e+18
1.70795e+18
1.71103e+18
1.70693e+18
1.69323e+18
1.66768e+18
1.62825e+18
1.57319e+18
1.5011e+18
1.41099e+18
1.30231e+18
1.175e+18
1.02948e+18
8.66705e+17
6.88117e+17
4.95651e+17
2.91689e+17
7.90212e+16
-1.39221e+17
-3.59629e+17
-5.78605e+17
-6.55457e+17
-6.57482e+17
-6.48349e+17
-6.29783e+17
-6.03813e+17
-5.72748e+17
-5.39147e+17
-5.05778e+17
-4.7558e+17
-4.51616e+17
-4.37023e+17
-4.34956e+17
-4.48538e+17
-4.808e+17
-5.34621e+17
-6.12674e+17
-7.17368e+17
-8.50794e+17
-1.01467e+18
-1.21031e+18
-1.43855e+18
-1.69974e+18
-1.9937e+18
-2.31968e+18
-2.67639e+18
-3.06194e+18
-3.47387e+18
-3.90913e+18
-4.36415e+18
-4.83478e+18
-5.31642e+18
-5.80399e+18
-6.292e+18
-6.77463e+18
-7.24575e+18
-7.69905e+18
-8.12804e+18
-8.52619e+18
-8.88701e+18
-9.20408e+18
-9.47119e+18
-9.68243e+18
-9.83221e+18
-9.91543e+18
-9.9275e+18
-9.86441e+18
-9.72286e+18
-9.50026e+18
-9.1948e+18
-8.80551e+18
-8.33229e+18
-7.77594e+18
-7.13816e+18
-6.42156e+18
-5.62969e+18
-4.76696e+18
-3.83865e+18
-2.85089e+18
-1.81056e+18
-7.25245e+17
3.968e+17
1.54677e+18
2.71539e+18
3.89298e+18
5.0696e+18
6.23511e+18
7.37932e+18
8.49207e+18
9.56333e+18
1.05834e+19
1.15428e+19
1.24327e+19
1.32447e+19
1.39713e+19
1.46054e+19
1.5141e+19
1.55729e+19
1.5897e+19
1.611e+19
1.62099e+19
1.61955e+19
1.6067e+19
1.58254e+19
1.5473e+19
1.50131e+19
1.445e+19
1.37889e+19
1.30361e+19
1.21986e+19
1.12842e+19
1.03014e+19
9.25926e+18
8.16736e+18
7.03564e+18
5.8743e+18
4.69371e+18
3.50427e+18
2.31632e+18
1.14002e+18
-1.47551e+16
-1.13853e+18
-2.22231e+18
-3.25768e+18
-4.23688e+18
-5.15291e+18
-5.99954e+18
-6.77141e+18
-7.46405e+18
-8.07392e+18
-8.59843e+18
-9.03594e+18
-9.38578e+18
-9.6482e+18
-9.82437e+18
-9.91634e+18
-9.92699e+18
-9.85998e+18
-9.71966e+18
-9.51106e+18
-9.23974e+18
-8.91175e+18
-8.53354e+18
-8.11186e+18
-7.65367e+18
-7.16604e+18
-6.6561e+18
-6.1309e+18
-5.59733e+18
-5.06209e+18
-4.53154e+18
-4.01168e+18
-3.50807e+18
-3.02578e+18
-2.56933e+18
-2.14267e+18
-1.74911e+18
-1.39135e+18
-1.07145e+18
-7.90794e+17
-5.50155e+17
-3.49663e+17
-1.88849e+17
-6.66723e+16
1.84397e+16
6.85484e+16
8.6153e+16
7.41353e+16
3.5701e+16
-2.56823e+16
-1.06348e+17
-2.02496e+17
-3.10257e+17
-4.25754e+17
-5.45165e+17
-6.64784e+17
-7.81071e+17
-8.90706e+17
-9.90632e+17
-1.0781e+18
-1.15069e+18
-1.20636e+18
-1.24344e+18
-1.26067e+18
-1.25719e+18
-1.23256e+18
-1.18672e+18
-1.12002e+18
-1.03314e+18
-9.27157e+17
-8.0342e+17
-6.63576e+17
-5.09513e+17
-3.43324e+17
-1.67257e+17
1.63201e+16
2.04972e+17
3.96236e+17
5.87668e+17
7.76888e+17
9.61614e+17
1.13971e+18
1.3092e+18
1.46832e+18
1.61555e+18
1.74959e+18
1.86944e+18
1.97435e+18
2.06387e+18
2.13782e+18
2.19632e+18
2.23973e+18
2.26868e+18
2.28404e+18
2.28688e+18
2.27847e+18
2.2602e+18
2.23363e+18
2.20038e+18
2.16212e+18
2.12058e+18
2.07742e+18
2.03428e+18
1.99273e+18
1.95419e+18
1.91996e+18
1.89117e+18
1.86876e+18
1.85347e+18
1.8458e+18
1.84604e+18
1.85425e+18
1.87023e+18
1.89357e+18
1.92365e+18
1.95962e+18
2.00046e+18
2.04499e+18
2.09186e+18
2.13964e+18
2.18679e+18
2.23174e+18
2.27289e+18
2.30866e+18
2.33751e+18
2.35799e+18
2.36877e+18
2.36864e+18
2.35658e+18
2.33176e+18
2.29356e+18
2.2416e+18
2.17572e+18
2.09603e+18
2.0029e+18
1.89692e+18
1.77895e+18
1.65008e+18
1.51161e+18
1.36502e+18
1.21198e+18
1.05429e+18
8.93856e+17
7.32653e+17
5.72695e+17
4.15989e+17
2.64494e+17
1.20087e+17
-1.54818e+16
-1.40624e+17
-2.53951e+17
-3.54308e+17
-4.40803e+17
-5.12833e+17
-5.70107e+17
-6.12661e+17
-6.40871e+17
4.5543e+16
-1.28692e+16
-8.32001e+16
-1.66345e+17
-2.63087e+17
-3.74083e+17
-4.9985e+17
-6.40757e+17
-7.97008e+17
-9.68641e+17
-1.15551e+18
-1.3573e+18
-1.57349e+18
-1.80339e+18
-2.0461e+18
-2.30054e+18
-2.56545e+18
-2.83938e+18
-3.12072e+18
-3.40769e+18
-3.69836e+18
-3.99065e+18
-4.28237e+18
-4.57122e+18
-4.8548e+18
-5.13064e+18
-5.39622e+18
-5.64899e+18
-5.88638e+18
-6.10585e+18
-6.30488e+18
-6.48101e+18
-6.63186e+18
-6.75518e+18
-6.84881e+18
-6.91075e+18
-6.93918e+18
-6.93247e+18
-6.88918e+18
-6.80812e+18
-6.68832e+18
-6.52908e+18
-6.32997e+18
-6.09082e+18
-5.81176e+18
-5.49322e+18
-5.1359e+18
-4.74082e+18
-4.30929e+18
-3.84291e+18
-3.34355e+18
-2.81337e+18
-2.25481e+18
-1.67052e+18
-1.06343e+18
-4.36663e+17
2.06458e+17
8.62428e+17
1.52759e+18
2.19816e+18
2.87026e+18
3.53991e+18
4.20312e+18
4.85586e+18
5.49411e+18
6.1139e+18
6.71133e+18
7.2826e+18
7.82402e+18
8.3321e+18
8.80347e+18
9.23503e+18
9.62388e+18
9.96737e+18
1.02632e+19
1.05091e+19
1.07036e+19
1.08451e+19
1.09325e+19
1.09651e+19
1.09425e+19
1.08646e+19
1.07318e+19
1.05448e+19
1.03045e+19
1.00123e+19
9.67006e+18
9.27964e+18
8.84345e+18
8.3641e+18
7.8445e+18
7.28781e+18
6.69739e+18
6.07685e+18
5.42993e+18
4.76056e+18
4.07275e+18
3.37062e+18
2.65837e+18
1.94021e+18
1.22034e+18
5.02953e+17
-2.07826e+17
-9.07961e+17
-1.59353e+18
-2.26076e+18
-2.90605e+18
-3.52597e+18
-4.11734e+18
-4.67719e+18
-5.20282e+18
-5.69178e+18
-6.14194e+18
-6.55144e+18
-6.91874e+18
-7.24259e+18
-7.5221e+18
-7.75665e+18
-7.94598e+18
-8.09011e+18
-8.18939e+18
-8.24446e+18
-8.25625e+18
-8.22596e+18
-8.15508e+18
-8.0453e+18
-7.89858e+18
-7.71705e+18
-7.50304e+18
-7.25906e+18
-6.98772e+18
-6.69178e+18
-6.37408e+18
-6.03752e+18
-5.68503e+18
-5.31959e+18
-4.94414e+18
-4.56159e+18
-4.17482e+18
-3.78659e+18
-3.39961e+18
-3.01644e+18
-2.6395e+18
-2.27108e+18
-1.91329e+18
-1.56805e+18
-1.23712e+18
-9.22017e+17
-6.24083e+17
-3.44436e+17
-8.39779e+16
1.56603e+17
3.76833e+17
5.7645e+17
7.55401e+17
9.13827e+17
1.05206e+18
1.17063e+18
1.2702e+18
1.35162e+18
1.41586e+18
1.46404e+18
1.49736e+18
1.51714e+18
1.52476e+18
1.52166e+18
1.50931e+18
1.48924e+18
1.46293e+18
1.43189e+18
1.39758e+18
1.36144e+18
1.32481e+18
1.289e+18
1.25521e+18
1.22455e+18
1.19801e+18
1.17648e+18
1.16073e+18
1.15138e+18
1.14894e+18
1.15377e+18
1.1661e+18
1.18603e+18
1.21352e+18
1.2484e+18
1.29038e+18
1.33906e+18
1.39391e+18
1.45432e+18
1.51959e+18
1.58893e+18
1.66149e+18
1.73636e+18
1.81258e+18
1.8892e+18
1.9652e+18
2.03959e+18
2.11139e+18
2.17964e+18
2.2434e+18
2.30181e+18
2.35405e+18
2.39936e+18
2.43708e+18
2.46662e+18
2.4875e+18
2.49933e+18
2.50182e+18
2.4948e+18
2.47821e+18
2.45209e+18
2.41659e+18
2.37198e+18
2.31862e+18
2.25698e+18
2.18761e+18
2.11116e+18
2.02835e+18
1.93995e+18
1.84682e+18
1.74984e+18
1.64994e+18
1.54806e+18
1.44516e+18
1.34219e+18
1.24007e+18
1.13973e+18
1.04203e+18
9.47772e+17
8.57713e+17
7.72522e+17
6.92789e+17
6.19005e+17
5.51563e+17
4.90743e+17
4.36714e+17
3.89525e+17
3.49102e+17
3.15252e+17
2.87657e+17
2.65878e+17
2.4936e+17
2.37435e+17
2.29328e+17
2.24165e+17
2.20982e+17
2.18737e+17
2.16319e+17
2.12559e+17
2.06249e+17
1.96152e+17
1.81017e+17
1.59599e+17
1.30668e+17
9.303e+16
-1.57732e+18
-1.76695e+18
-1.95782e+18
-2.14923e+18
-2.34046e+18
-2.53076e+18
-2.71935e+18
-2.90544e+18
-3.08821e+18
-3.26686e+18
-3.44053e+18
-3.60841e+18
-3.76966e+18
-3.92345e+18
-4.06895e+18
-4.20537e+18
-4.33192e+18
-4.44782e+18
-4.55235e+18
-4.64479e+18
-4.72448e+18
-4.79077e+18
-4.84307e+18
-4.88086e+18
-4.90362e+18
-4.91092e+18
-4.90239e+18
-4.8777e+18
-4.83658e+18
-4.77885e+18
-4.70437e+18
-4.61309e+18
-4.50502e+18
-4.38024e+18
-4.23891e+18
-4.08124e+18
-3.90755e+18
-3.7182e+18
-3.51363e+18
-3.29437e+18
-3.06098e+18
-2.81412e+18
-2.55451e+18
-2.28293e+18
-2.00021e+18
-1.70725e+18
-1.40501e+18
-1.09447e+18
-7.767e+17
-4.52777e+17
-1.23833e+17
2.08973e+17
5.44448e+17
8.81381e+17
1.21854e+18
1.55468e+18
1.88854e+18
2.21888e+18
2.54443e+18
2.86396e+18
3.17623e+18
3.48003e+18
3.77418e+18
4.05752e+18
4.32893e+18
4.58733e+18
4.83168e+18
5.061e+18
5.27436e+18
5.47089e+18
5.64978e+18
5.81029e+18
5.95175e+18
6.07355e+18
6.17518e+18
6.25619e+18
6.31622e+18
6.35499e+18
6.3723e+18
6.36805e+18
6.3422e+18
6.29481e+18
6.22604e+18
6.13612e+18
6.02535e+18
5.89414e+18
5.74297e+18
5.5724e+18
5.38306e+18
5.17566e+18
4.95099e+18
4.7099e+18
4.45329e+18
4.18215e+18
3.89749e+18
3.60041e+18
3.29202e+18
2.9735e+18
2.64604e+18
2.31089e+18
1.9693e+18
1.62255e+18
1.27195e+18
9.18793e+17
5.64391e+17
2.1005e+17
-1.42934e+17
-4.93274e+17
-8.39704e+17
-1.18098e+18
-1.5159e+18
-1.84328e+18
-2.16197e+18
-2.47089e+18
-2.76899e+18
-3.05527e+18
-3.3288e+18
-3.58869e+18
-3.83415e+18
-4.0644e+18
-4.27878e+18
-4.47668e+18
-4.65757e+18
-4.82097e+18
-4.96652e+18
-5.09389e+18
-5.20287e+18
-5.29329e+18
-5.36508e+18
-5.41826e+18
-5.45288e+18
-5.4691e+18
-5.46716e+18
-5.44733e+18
-5.41e+18
-5.35558e+18
-5.28457e+18
-5.19753e+18
-5.09506e+18
-4.97782e+18
-4.84653e+18
-4.70195e+18
-4.54487e+18
-4.37612e+18
-4.19657e+18
-4.00711e+18
-3.80867e+18
-3.60217e+18
-3.38856e+18
-3.16879e+18
-2.94384e+18
-2.71465e+18
-2.48218e+18
-2.24738e+18
-2.01117e+18
-1.77446e+18
-1.53815e+18
-1.3031e+18
-1.07015e+18
-8.40081e+17
-6.13669e+17
-3.91635e+17
-1.74661e+17
3.66178e+16
2.41611e+17
4.39777e+17
6.30626e+17
8.13719e+17
9.88669e+17
1.15514e+18
1.31286e+18
1.46159e+18
1.60117e+18
1.73147e+18
1.85242e+18
1.96401e+18
2.06626e+18
2.15926e+18
2.24312e+18
2.31802e+18
2.38416e+18
2.44179e+18
2.49118e+18
2.53266e+18
2.56657e+18
2.59327e+18
2.61316e+18
2.62666e+18
2.63418e+18
2.63617e+18
2.63308e+18
2.62537e+18
2.61348e+18
2.59788e+18
2.57902e+18
2.55733e+18
2.53326e+18
2.5072e+18
2.47956e+18
2.45073e+18
2.42104e+18
2.39084e+18
2.36041e+18
2.33005e+18
2.29997e+18
2.27041e+18
2.24152e+18
2.21344e+18
2.18629e+18
2.16012e+18
2.13498e+18
2.11084e+18
2.08768e+18
2.06542e+18
2.04394e+18
2.02311e+18
2.00274e+18
1.98264e+18
1.96256e+18
1.94226e+18
1.92144e+18
1.8998e+18
1.87702e+18
1.85276e+18
1.82667e+18
1.79838e+18
1.76753e+18
1.73374e+18
1.69664e+18
1.65587e+18
1.61106e+18
1.56185e+18
1.50792e+18
1.44893e+18
1.38459e+18
1.31461e+18
1.23875e+18
1.15677e+18
1.06849e+18
9.73739e+17
8.72407e+17
7.64407e+17
6.49697e+17
5.28276e+17
4.00189e+17
2.65526e+17
1.24422e+17
-2.29385e+16
-1.76326e+17
-3.35464e+17
-5.00025e+17
-6.6964e+17
-8.43888e+17
-1.02231e+18
-1.20439e+18
-1.3896e+18
-1.78091e+18
-1.85654e+18
-1.9277e+18
-1.99422e+18
-2.05593e+18
-2.11269e+18
-2.16437e+18
-2.21082e+18
-2.25195e+18
-2.28766e+18
-2.31785e+18
-2.34246e+18
-2.36143e+18
-2.37471e+18
-2.38226e+18
-2.38408e+18
-2.38016e+18
-2.3705e+18
-2.35513e+18
-2.33408e+18
-2.30742e+18
-2.27519e+18
-2.23748e+18
-2.19439e+18
-2.146e+18
-2.09245e+18
-2.03386e+18
-1.97036e+18
-1.90212e+18
-1.8293e+18
-1.75207e+18
-1.67062e+18
-1.58514e+18
-1.49585e+18
-1.40295e+18
-1.30667e+18
-1.20725e+18
-1.10491e+18
-9.99916e+17
-8.92511e+17
-7.82956e+17
-6.71515e+17
-5.58456e+17
-4.44052e+17
-3.28578e+17
-2.12312e+17
-9.55352e+16
2.1472e+16
1.38428e+17
2.5505e+17
3.71057e+17
4.86171e+17
6.00113e+17
7.1261e+17
8.2339e+17
9.32186e+17
1.03874e+18
1.14279e+18
1.24408e+18
1.34238e+18
1.43744e+18
1.52904e+18
1.61696e+18
1.70098e+18
1.78091e+18
1.85654e+18
1.9277e+18
1.99422e+18
2.05593e+18
2.11269e+18
2.16437e+18
2.21082e+18
2.25195e+18
2.28766e+18
2.31785e+18
2.34246e+18
2.36143e+18
2.37471e+18
2.38226e+18
2.38408e+18
2.38016e+18
2.3705e+18
2.35513e+18
2.33408e+18
2.30742e+18
2.27519e+18
2.23748e+18
2.19439e+18
2.146e+18
2.09245e+18
2.03386e+18
1.97036e+18
1.90212e+18
1.8293e+18
1.75207e+18
1.67062e+18
1.58514e+18
1.49585e+18
1.40295e+18
1.30667e+18
1.20725e+18
1.10491e+18
9.99916e+17
8.92511e+17
7.82956e+17
6.71515e+17
5.58456e+17
4.44052e+17
3.28578e+17
2.12312e+17
9.55352e+16
-2.1472e+16
-1.38428e+17
-2.5505e+17
-3.71057e+17
-4.86171e+17
-6.00113e+17
-7.1261e+17
-8.2339e+17
-9.32186e+17
-1.03874e+18
-1.14279e+18
-1.24408e+18
-1.34238e+18
-1.43744e+18
-1.52904e+18
-1.61696e+18
-1.70098e+18
-1.78091e+18
-1.85654e+18
-1.9277e+18
-1.99422e+18
-2.05593e+18
-2.11269e+18
-2.16437e+18
-2.21082e+18
-2.25195e+18
-2.28766e+18
-2.31785e+18
-2.34246e+18
-2.36143e+18
-2.37471e+18
-2.38226e+18
-2.38408e+18
-2.38016e+18
-2.3705e+18
-2.35513e+18
-2.33408e+18
-2.30742e+18
-2.27519e+18
-2.23748e+18
-2.19439e+18
-2.146e+18
-2.09245e+18
-2.03386e+18
-1.97036e+18
-1.90212e+18
-1.8293e+18
-1.75207e+18
-1.67062e+18
-1.58514e+18
-1.49585e+18
-1.40295e+18
-1.30667e+18
-1.20725e+18
-1.10491e+18
-9.99916e+17
-8.92511e+17
-7.82956e+17
-6.71515e+17
-5.58456e+17
-4.44052e+17
-3.28578e+17
-2.12312e+17
-9.55352e+16
2.1472e+16
1.38428e+17
2.5505e+17
3.71057e+17
4.86171e+17
6.00113e+17
7.1261e+17
8.2339e+17
9.32186e+17
1.03874e+18
1.14279e+18
1.24408e+18
1.34238e+18
1.43744e+18
1.52904e+18
1.61696e+18
1.70098e+18
1.78091e+18
1.85654e+18
1.9277e+18
1.99422e+18
2.05593e+18
2.11269e+18
2.16437e+18
2.21082e+18
2.25195e+18
2.28766e+18
2.31785e+18
2.34246e+18
2.36143e+18
2.37471e+18
2.38226e+18
2.38408e+18
2.38016e+18
2.3705e+18
2.35513e+18
2.33408e+18
2.30742e+18
2.27519e+18
2.23748e+18
2.19439e+18
2.146e+18
2.09245e+18
2.03386e+18
1.97036e+18
1.90212e+18
1.8293e+18
1.75207e+18
1.67062e+18
1.58514e+18
1.49585e+18
1.40295e+18
1.30667e+18
1.20725e+18
1.10491e+18
9.99916e+17
8.92511e+17
7.82956e+17
6.71515e+17
5.58456e+17
4.44052e+17
3.28578e+17
2.12312e+17
9.55352e+16
-2.1472e+16
-1.38428e+17
-2.5505e+17
-3.71057e+17
-4.86171e+17
-6.00113e+17
-7.1261e+17
-8.2339e+17
-9.32186e+17
-1.03874e+18
-1.14279e+18
-1.24408e+18
-1.34238e+18
-1.43744e+18
-1.52904e+18
-1.61696e+18
-1.70098e+18
0
0
0
0
0
0
0
0
0
0
0
0
0
0
0
0
0
0
0
0
0
0
0
0
0
0
0
0
0
0
0
0
0
0
0
0
0
0
0
0
0
0
0
0
0
0
0
0
0
0
0
0
0
0
0
0
0
0
0
0
0
0
0
0
0
0
0
0
0
0
0
0
0
0
0
0
0
0
0
0
0
0
0
0
0
0
0
0
0
0
0
0
0
0
0
0
0
0
0
0
0
0
0
0
0
0
0
0
0
0
0
0
0
0
0
0
0
0
0
0
0
0
0
0
0
0
0
0
0
0
0
0
0
0
0
0
0
0
0
0
0
0
0
0
0
0
0
0
0
0
0
0
0
0
0
0
0
0
0
0
0
0
0
0
0
0
0
0
0
0
0
0
0
0
0
0
0
0
0
0
0
0
0
0
0
0
0
0
0
0
0
0
0
0
0
0
0
0
0
0
0
0
0
0
0
0
0
0
0
0
0
0
0
0
0
0
0
0
0
0
0
0
0
0
0
0
0
0
0
0
0
0
0
0
0
0
0
0
0
0
0
0
0
0
0
0
0
0
0
0
0
0
0
0
0
0
0
0
0
0
0
0
0
0
0
0
0
0
0
0
0
0
0
0
0
0
0
0
0
0
0
0
0
0
0
0
0
0
0
0
0
0
0
0
0
0
0
0
0
0
0
0
0
0
0
0
0
0
0
0
0
0
0
0
0
0
0
0
0
0
0
0
0
0
0
0
0
0
0
0
0
0
0
0
0
0
0
0
0
0
0
0
0
0
0
0
0
0
0
0
0
0
0
0
0
0
0
0
0
0
0
0
0
0
0
0
0
0
0
0
0
0
0
0
0
0
0
0
0
0
0
0
0
0
0
0
0
0
0
0
0
0
0
0
0
0
0
0
0
0
0
0
0
0
0
0
0
0
0
0
0
0
0
0
0
0
0
0
0
0
0
0
0
0
0
0
0
0
0
0
0
0
0
0
0
0
0
0
0
0
0
0
0
0
0
0
0
0
0
0
0
0
0
0
0
0
0
0
0
0
0
0
0
0
0
0
0
0
0
0
0
0
0
0
0
0
0
0
0
0
0
0
0
0
0
0
0
0
0
0
0
0
0
0
0
0
0
0
0
0
0
0
0
0
0
0
0
0
0
0
0
0
