1
128
512
    0.0500
    0.1069
    0.1704
    0.2401
    0.3154
    0.3952
    0.4784
    0.5633
    0.6481
    0.7304
    0.8074
    0.8761
    0.9330
    0.9746
    0.9971
    0.9968
    0.9706
    0.9157
    0.8304
    0.7140
    0.5674
    0.3936
    0.1974
   -0.0143
   -0.2323
   -0.4453
   -0.6410
   -0.8059
   -0.9267
   -0.9916
   -0.9912
   -0.9201
   -0.7780
   -0.5709
   -0.3114
   -0.0186
    0.2826
    0.5636
    0.7944
    0.9472
    1.0000
    0.9402
    0.7679
    0.4976
    0.1584
   -0.2083
   -0.5529
   -0.8243
   -0.9777
   -0.9828
   -0.8310
   -0.5392
   -0.1504
    0.2711
    0.6497
    0.9115
    0.9997
    0.8884
    0.5914
    0.1639
   -0.3056
   -0.7123
   -0.9586
   -0.9785
   -0.7574
   -0.3417
    0.1681
    0.6394
    0.9410
    0.9813
    0.7385
    0.2742
   -0.2787
   -0.7511
   -0.9893
   -0.9069
   -0.5204
    0.0483
    0.6061
    0.9524
    0.9532
    0.5969
    0.0086
   -0.5888
   -0.9565
   -0.9371
   -0.5269
    0.1114
    0.7070
    0.9945
    0.8348
    0.2888
   -0.3977
   -0.8993
   -0.9655
   -0.5515
    0.1456
    0.7730
    0.9984
    0.6903
    0.0033
   -0.6907
   -0.9994
   -0.7355
   -0.0394
    0.6851
    0.9999
    0.7015
   -0.0379
   -0.7581
   -0.9929
   -0.5770
    0.2266
    0.8817
    0.9336
    0.3329
   -0.5079
   -0.9874
   -0.7470
    0.0497
    0.8135
    0.9591
    0.3611
   -0.5246
   -0.9960
   -0.6630
    0.2164
    0.9200

