1
128
1.0
  1.5643447e-001
  3.3011228e-001
  5.1244416e-001
  6.9029599e-001
  8.4578282e-001
  9.5698520e-001
  9.9999312e-001
  9.5257370e-001
  7.9946181e-001
  5.3874763e-001
  1.8811023e-001
 -2.1113674e-001
 -5.9476755e-001
 -8.8359194e-001
 -9.9982790e-001
 -8.9044433e-001
 -5.5222345e-001
 -4.9453720e-002
  4.8673160e-001
  8.8589777e-001
  9.9281172e-001
  7.3537110e-001
  1.7838304e-001
 -4.7044201e-001
 -9.2505842e-001
 -9.4795235e-001
 -4.8889100e-001
  2.4485438e-001
  8.5617479e-001
  9.6645731e-001
  4.6716448e-001
 -3.5335914e-001
 -9.4271028e-001
 -8.5166932e-001
 -1.0493848e-001
  7.3871476e-001
  9.7613213e-001
  3.6259814e-001
 -5.9078309e-001
 -9.9625435e-001
 -4.2286735e-001
  5.9178057e-001
  9.8807229e-001
  2.9723054e-001
 -7.4121064e-001
 -9.1186079e-001
  3.3388676e-002
  9.4475538e-001
  6.2803792e-001
 -5.3874763e-001
 -9.6419752e-001
 -9.8946186e-003
  9.6485055e-001
  4.7915030e-001
 -7.5758741e-001
 -7.8359101e-001
  4.8240386e-001
  9.3635898e-001
 -2.3404666e-001
 -9.9075903e-001
  5.8099097e-002
  9.9999694e-001
  3.0916260e-002
 -9.9911591e-001
 -3.0916260e-002
  9.9999694e-001
 -5.8099097e-002
 -9.9075903e-001
  2.3404666e-001
  9.3635898e-001
 -4.8240386e-001
 -7.8359101e-001
  7.5758741e-001
  4.7915030e-001
 -9.6485055e-001
 -9.8946186e-003
  9.6419752e-001
 -5.3874763e-001
 -6.2803792e-001
  9.4475538e-001
 -3.3388676e-002
 -9.1186079e-001
  7.4121064e-001
  2.9723054e-001
 -9.8807229e-001
  5.9178057e-001
  4.2286735e-001
 -9.9625435e-001
  5.9078309e-001
  3.6259814e-001
 -9.7613213e-001
  7.3871476e-001
  1.0493848e-001
 -8.5166932e-001
  9.4271028e-001
 -3.5335914e-001
 -4.6716448e-001
  9.6645731e-001
 -8.5617479e-001
  2.4485438e-001
  4.8889100e-001
 -9.4795235e-001
  9.2505842e-001
 -4.7044201e-001
 -1.7838304e-001
  7.3537110e-001
 -9.9281172e-001
  8.8589777e-001
 -4.8673160e-001
 -4.9453720e-002
  5.5222345e-001
 -8.9044433e-001
  9.9982790e-001
 -8.8359194e-001
  5.9476755e-001
 -2.1113674e-001
 -1.8811023e-001
  5.3874763e-001
 -7.9946181e-001
  9.5257370e-001
 -9.9999312e-001
  9.5698520e-001
 -8.4578282e-001
  6.9029599e-001
 -5.1244416e-001
  3.3011228e-001
 -1.5643447e-001
 -7.8374807e-015
