1
128
1.0
  1.4271237e-001
 -6.9215083e-002
  8.6075085e-001
  4.5814319e-003
  1.4380567e+000
  9.8078822e-002
  1.8981904e+000
 -4.8964911e-002
  1.7170828e+000
 -2.6747587e-001
  6.6200642e-001
 -3.9327477e-001
 -7.5369873e-001
 -3.7237356e-001
 -1.8080667e+000
  7.9264389e-002
 -1.4175179e+000
  3.5346675e-001
  3.9361558e-001
  4.5836971e-001
  1.8694477e+000
 -4.4067670e-001
  9.1638079e-001
 -6.9876032e-001
 -1.2793077e+000
 -1.1945536e-001
 -1.4067639e+000
  9.2364104e-001
  1.2506954e+000
  1.8182093e-001
  1.4403782e+000
 -8.9334585e-001
 -1.3466770e+000
 -6.5166234e-002
 -9.5096682e-001
  7.3421680e-001
  1.7750947e+000
 -6.0640750e-001
 -2.0394968e-001
 -4.3169929e-001
 -1.6211868e+000
  1.1726567e+000
  1.6166251e+000
 -6.1764247e-001
 -4.3225181e-001
 -2.0930272e-001
 -9.7919434e-001
  9.8801082e-001
  1.6214301e+000
 -1.0703294e+000
 -1.6162548e+000
  7.7603805e-001
  7.7222090e-001
 -3.7997456e-001
 -3.1190876e-001
 -2.0399746e-001
 -2.6994507e-001
  5.3924540e-001
  6.8612544e-001
 -6.7436250e-001
 -9.2560752e-001
  8.2104148e-001
  9.1478445e-001
 -1.0755888e+000
 -1.0128958e+000
  1.0069466e+000
  7.8938772e-001
 -1.0394168e+000
 -7.1923405e-001
  8.2088107e-001
  3.3709644e-001
 -3.0184993e-001
  1.9404430e-001
 -2.3698165e-001
 -5.8519715e-001
  9.1164911e-001
  9.6220228e-001
 -1.5441766e+000
 -1.2069569e+000
  1.5203992e+000
  9.5443913e-001
 -1.0532590e+000
 -2.9878019e-001
 -4.1595136e-001
 -7.1925401e-001
  1.7175276e+000
  1.1029848e+000
 -1.4284140e+000
 -5.2977336e-001
 -1.2502426e-001
 -6.0168639e-001
  1.7865996e+000
  7.0448627e-001
 -9.0504041e-001
  8.6891032e-002
 -1.4155563e+000
 -8.4990564e-001
  1.4066156e+000
  7.5326969e-002
  1.0616721e+000
  7.5164784e-001
 -1.3567900e+000
 -7.6060508e-002
 -1.3732178e+000
 -7.7217945e-001
  1.0095370e+000
 -1.5607806e-001
  1.6823267e+000
  2.5090732e-001
  4.4736879e-001
  5.7992982e-001
 -1.5529111e+000
  1.2642463e-001
 -2.0122608e+000
 -1.2216557e-001
 -9.9796673e-001
 -2.6303959e-001
  9.5509050e-001
 -1.9009231e-001
  1.7917236e+000
 -1.0890742e-002
  1.8514960e+000
 -1.0210648e-001
  1.5250704e+000
  2.3619077e-001
  9.2331548e-001
  1.3642205e-002
  5.1637709e-002
