 3.16227815494138E-0005   0.00000000000000E+0000
-1.32815682437645E-0005  -4.35540629086459E-0019
-2.24990275378882E-0018  -1.49366587230099E-0019
 1.94872625045532E-0018   9.31819357695572E-0019
 1.47008269875320E-0018   6.22026496296279E-0019
-5.83062969009785E-0018   1.36278822515650E-0018
 2.17849779696911E-0018   4.52844824698511E-0018
 4.07907109951275E-0012  -3.00989612286695E-0012
-9.71206743116922E-0012   7.16641178198872E-0012
 4.07906689558911E-0012  -3.00989305195822E-0012
 3.40900669421129E-0018  -3.20639971681656E-0018
-5.88215403155915E-0018   2.23694116854544E-0018
-3.29004341746468E-0018  -1.15127471073215E-0018
-3.99519005835563E-0018   2.16389399475173E-0018
 6.98113318305281E-0018  -3.68493775959440E-0018
-1.48081251496319E-0012   1.32109622426677E-0012
 3.52574303266662E-0012  -3.14547246363517E-0012
-1.48080879353053E-0012   1.32109442426372E-0012
-4.82191136629009E-0018  -4.45920647751563E-0018
 2.77413333626906E-0019   8.99401278675857E-0020
 7.58055800509067E-0019   9.69892764213644E-0019
-4.36447129547782E-0020  -3.23042096687775E-0018
-9.66839561195314E-0019   1.20707142844316E-0018
-7.56103354086020E-0012   5.58549643601581E-0012
 1.80024785357711E-0011  -1.32988113609717E-0011
-7.56103199225748E-0012   5.58548800435239E-0012
-1.88134427177885E-0019   1.23996058304701E-0018
-2.67674163512223E-0018   7.41608712291470E-0019
 1.80650211483373E-0018  -2.46349345538449E-0018
 1.63703707884678E-0019   1.32056736798089E-0018
 1.34389039214711E-0018  -1.31821762100559E-0018
 5.17920752749402E-0013  -8.12547934026253E-0012
-1.23313568735417E-0012   1.93463766548031E-0011
 5.17921476262627E-0013  -8.12547870151419E-0012
-5.13655913616445E-0018  -1.89914626984756E-0018
 1.00573095000543E-0018  -1.28373080922192E-0018
 1.75112839949551E-0018   1.06271827295010E-0018
-2.01517313111916E-0018   1.30936590956402E-0018
 8.61838629203816E-0020  -3.09184674620524E-0018
-1.74608618487714E-0001  -1.16669748877637E-0001
 4.15734806141686E-0001   2.77785116521362E-0001
-1.74608618487714E-0001  -1.16669748877637E-0001
-2.31176519157193E-0018   2.87817683307183E-0018
-2.57639882339845E-0019  -1.17963795402557E-0018
-3.64168171647951E-0018   4.04459960431518E-0018
 6.06748488491881E-0020  -1.97602966282435E-0020
-1.27917090657125E-0018  -2.63636708944928E-0018
-1.76074125548195E-0012  -1.09249048946208E-0011
 4.19223989618866E-0012   2.60116872031066E-0011
-1.76074129746119E-0012  -1.09249064729721E-0011
 1.17674726354584E-0018   3.33905055781899E-0018
-8.65025630885043E-0019   7.47249836750699E-0020
 8.97920890388949E-0019  -2.99773826014221E-0018
-2.49861229664531E-0018  -2.99125054377560E-0019
-1.56585922106506E-0018   4.39472081570601E-0019
 2.68773652648039E-0012   1.46508877302626E-0012
-6.39937691256021E-0012  -3.48830361388797E-0012
 2.68773137465116E-0012   1.46509178933476E-0012
 1.56311902476614E-0018   2.70212968969885E-0018
-2.04071426186266E-0018   1.09388524462516E-0018
-5.98356712100080E-0019  -1.22533808329286E-0018
-2.03263557384648E-0018   3.17855125265117E-0018
-3.30993207719196E-0018  -1.98427328219480E-0018
-8.53406359007705E-0019  -6.11180581223473E-0012
 3.19189119651722E-0018   1.45519217586833E-0011
 1.91632714095643E-0018  -6.11180581098786E-0012
-4.03669182236112E-0018   2.02980831176371E-0018
 1.81517621287161E-0018   2.02927266546300E-0019
 1.53966835070936E-0019  -1.82160276554735E-0019
-2.79151849820504E-0018  -3.83201517685182E-0018
 4.84311742562804E-0019   6.28632422379029E-0018
-1.62714866224603E-0011   2.30613376735327E-0012
 3.87416386889514E-0011  -5.49079346522871E-0012
-1.62714860685785E-0011   2.30613765552525E-0012
 5.84719178467626E-0018   6.64248940436047E-0019
-2.43109769819295E-0018  -5.65608356384222E-0018
 2.48618157437583E-0018   2.84130823647933E-0018
-1.49468455070247E-0018  -1.21253264755191E-0018
 1.58173210286004E-0018  -2.39399181514402E-0018
-1.94021863025720E-0007   8.03634519060958E-0008
 4.61956816965288E-0007  -1.91341552260046E-0007
-1.94021863024816E-0007   8.03634519035332E-0008
 4.35120110078676E-0018  -6.35525666425280E-0019
-9.77407130951768E-0019   1.46120627295088E-0018
-2.62922454705360E-0018  -2.81091697386288E-0018
-1.13622733905318E-0018   1.01436790053119E-0019
-1.37183338048165E-0018   1.54920642810533E-0018
 1.61783349340593E-0013   7.43774546460494E-0012
-3.85224834974065E-0013  -1.77088722480457E-0011
 1.61805655173993E-0013   7.43773545253997E-0012
 4.67623308541690E-0019  -1.60220390836112E-0018
-3.15508878832295E-0018  -2.51639082062039E-0018
 1.28784984658927E-0018   4.64506443658026E-0019
-9.34456503785134E-0019  -3.27225182479519E-0018
 2.19211138847782E-0018   2.48110078667423E-0018
 1.47853875045433E-0009  -1.48718214543055E-0009
-3.52033033746576E-0009   3.54090987534305E-0009
 1.47853874894338E-0009  -1.48718214027067E-0009
 2.32478589105527E-0019  -4.09702311651450E-0018
-1.98176771745247E-0018   2.51487504824867E-0018
 2.79277398225610E-0019   2.92677200829073E-0018
 3.60257330652706E-0018   1.16049168800679E-0018
-1.88777169374356E-0018  -2.46570927501812E-0018
-1.18596238702331E-0011   8.47790980014691E-0013
 2.82371955942096E-0011  -2.01857357453659E-0012
-1.18596155503689E-0011   8.47798309463090E-0013
-1.96096008962213E-0018   6.36810715106092E-0019
-1.63204157116997E-0018   1.30770827563421E-0018
-4.75626829943237E-0019  -1.98234993363956E-0018
-2.59662963075099E-0018   1.69878410495956E-0018
 5.98606160610012E-0018  -5.42696863552029E-0019
-1.24613711734165E-0011  -6.75349998088767E-0012
 2.96699261482294E-0011   1.60797655212731E-0011
-1.24613691126591E-0011  -6.75350064714259E-0012
 2.62866560016667E-0019  -1.60446604868663E-0018
 4.23763667181516E-0019   1.29504955402122E-0018
-3.13361339380180E-0018  -4.36985973254739E-0019
-1.13713893601893E-0018  -3.65436038609854E-0019
-2.09085141260554E-0018  -4.66588092396023E-0018
-4.09245339184439E-0009   2.05976693160806E-0008
 9.74393666545145E-0009  -4.90420698326782E-0008
-4.09245339648865E-0009   2.05976693126226E-0008
-1.69191923718460E-0018   4.74362327528763E-0019
-3.30463779439564E-0018   1.76330221908068E-0019
 2.87758105860080E-0018  -1.37435004346729E-0018
-1.11113986159181E-0018   1.41909979770670E-0018
-3.27405412372498E-0018   2.60350834762888E-0018
 6.11180590192578E-0012  -9.26434801317884E-0019
