1
128
1.0
0.999204038
0.784925735
0.270832496
-0.346709545
-0.831820331
-0.999204042
-0.784925792
-0.270832586
0.346709457
0.831820279
0.999204046
0.78492585
0.270832676
-0.346709369
-0.831820227
-0.99920405
-0.784925908
-0.270832766
0.346709281
0.831820176
0.999204053
0.784925966
0.270832856
-0.346709194
-0.831820124
-0.999204057
-0.784926024
-0.270832946
0.346709106
0.831820072
0.999204061
0.784926082
0.270833036
-0.346709018
-0.83182002
-0.999204065
-0.78492614
-0.270833127
0.34670893
0.831819968
0.999204068
0.784926198
0.270833217
-0.346708843
-0.831819916
-0.999204072
-0.784926256
-0.270833307
0.346708755
0.831819864
0.999204076
0.784926314
0.270833397
-0.346708667
-0.831819812
-0.999204079
-0.784926372
-0.270833487
0.346708579
0.83181976
0.999204083
0.78492643
0.270833577
-0.346708491
-0.831819708
-0.999204087
-0.784926488
-0.270833667
0.346708404
0.831819656
0.999204091
0.784926546
0.270833757
-0.346708316
-0.831819604
-0.999204094
-0.784926604
-0.270833847
0.346708228
0.831819552
0.999204098
0.784926662
0.270833937
-0.34670814
-0.8318195
-0.999204102
-0.78492672
-0.270834028
0.346708053
0.831819448
0.999204106
0.784926778
0.270834118
-0.346707965
-0.831819396
-0.999204109
-0.784926836
-0.270834208
0.346707877
0.831819344
0.999204113
0.784926894
0.270834298
-0.346707789
-0.831819292
-0.999204117
-0.784926952
-0.270834388
0.346707701
0.83181924
0.999204121
0.78492701
0.270834478
-0.346707614
-0.831819189
-0.999204124
-0.784927068
-0.270834568
0.346707526
0.831819137
0.999204128
0.784927126
0.270834658
-0.346707438
-0.831819085
-0.999204132
-0.784927184
-0.270834748
