1
128
1.0
0.865030533
0.894826803
0.9210916
0.943721269
0.962626503
0.977732689
0.988980211
0.996324681
0.999737112
0.999204038
0.994727563
0.986325352
0.974030566
0.957891727
0.937972527
0.914351578
0.887122101
0.856391559
0.822281231
0.784925735
0.744472495
0.701081163
0.654922984
0.606180123
0.555044947
0.501719262
0.44641352
0.389345988
0.330741886
0.270832496
0.209854254
0.148047814
0.085657096
0.022928329
-0.039890925
-0.102552748
-0.164809843
-0.226416508
-0.287129611
-0.346709545
-0.404921174
-0.461534765
-0.516326889
-0.569081307
-0.619589821
-0.667653097
-0.713081451
-0.755695599
-0.795327362
-0.831820331
-0.865030486
-0.894826761
-0.921091563
-0.943721238
-0.962626477
-0.977732669
-0.988980198
-0.996324673
-0.99973711
-0.999204042
-0.994727572
-0.986325368
-0.974030587
-0.957891754
-0.937972559
-0.914351616
-0.887122144
-0.856391607
-0.822281284
-0.784925792
-0.744472558
-0.70108123
-0.654923055
-0.606180198
-0.555045025
-0.501719343
-0.446413604
-0.389346074
-0.330741974
-0.270832586
-0.209854346
-0.148047906
-0.08565719
-0.022928423
0.039890832
0.102552655
0.164809751
0.226416417
0.287129522
0.346709457
0.404921089
0.461534682
0.516326809
0.56908123
0.619589747
0.667653027
0.713081386
0.755695538
0.795327305
0.831820279
0.865030439
0.894826719
0.921091527
0.943721208
0.962626452
0.97773265
0.988980184
0.996324665
0.999737108
0.999204046
0.994727582
0.986325383
0.974030609
0.957891781
0.937972592
0.914351654
0.887122188
0.856391656
0.822281337
0.78492585
0.74447262
0.701081296
0.654923125
0.606180272
0.555045103
0.501719424
0.446413687
0.38934616
