1
128
1.0
0.841188008
0.850309751
0.859182945
0.867804997
0.876173386
0.884285666
0.892139466
0.89973249
0.907062519
0.91412741
0.920925098
0.927453597
0.933710997
0.93969547
0.945405266
0.950838717
0.955994234
0.960870311
0.965465521
0.969778522
0.973808053
0.977552937
0.981012078
0.984184465
0.987069172
0.989665354
0.991972254
0.993989196
0.995715592
0.997150936
0.998294809
0.999146877
0.99970689
0.999974685
0.999950184
0.999633394
0.999024406
0.998123401
0.99693064
0.995446472
0.993671332
0.991605738
0.989250294
0.986605688
0.983672693
0.980452167
0.976945052
0.973152371
0.969075235
0.964714834
0.960072443
0.95514942
0.949947203
0.944467312
0.93871135
0.932681
0.926378023
0.919804262
0.912961639
0.905852154
0.898477885
0.890840987
0.882943693
0.874788312
0.866377226
0.857712895
0.848797852
0.839634701
0.830226123
0.820574865
0.810683751
0.800555671
0.790193585
0.779600523
0.768779581
0.757733921
0.746466773
0.73498143
0.723281249
0.71136965
0.699250115
0.686926187
0.674401468
0.661679618
0.648764357
0.63565946
0.622368757
0.608896133
0.595245527
0.581420928
0.567426377
0.553265966
0.538943833
0.524464165
0.509831193
0.495049197
0.480122495
0.465055452
0.449852471
0.434517997
0.419056511
0.403472534
0.38777062
0.371955359
0.356031375
0.340003321
0.323875883
0.307653774
0.291341737
0.27494454
0.258466976
0.241913861
0.225290033
0.208600352
0.191849697
0.175042963
0.158185064
0.141280926
0.124335492
0.107353713
0.090340555
0.07330099
0.056239999
0.039162568
0.022073691
0.004978361
-0.012118424
-0.029211667
