1
128
1.0
  9.9298588e-001
  6.4930600e-001
 -2.7247404e-001
 -9.5166078e-001
 -7.8355017e-001
  8.2182950e-002
  8.7474567e-001
  8.8849130e-001
  1.1118160e-001
 -7.6511701e-001
 -9.6020482e-001
 -3.0038821e-001
  6.2687467e-001
  9.9600880e-001
  4.7836097e-001
 -4.6518860e-001
 -9.9456426e-001
 -6.3844408e-001
  2.8610551e-001
  9.5592522e-001
  7.7465080e-001
 -9.6322704e-002
 -8.8153668e-001
 -8.8188729e-001
 -9.7062358e-002
  7.7418063e-001
  9.5614314e-001
  2.8681750e-001
 -6.3787194e-001
 -9.9464136e-001
 -4.6584631e-001
  4.7770824e-001
  9.9594220e-001
  6.2745349e-001
 -2.9967931e-001
 -9.5999700e-001
 -7.6559530e-001
  1.1044305e-001
  8.8815003e-001
  8.7510554e-001
  8.2923549e-002
 -7.8308822e-001
 -9.5188877e-001
 -2.7318899e-001
  6.4874064e-001
  9.9307347e-001
  4.5323776e-001
 -4.9013160e-001
 -9.9711941e-001
 -6.1633644e-001
  3.1319272e-001
  9.6387530e-001
  7.5638551e-001
 -1.2454113e-001
 -8.9458438e-001
 -8.6814743e-001
 -6.8768028e-002
  7.9183799e-001
  9.4744256e-001
  2.5950541e-001
 -6.5947861e-001
 -9.9130543e-001
 -4.4053787e-001
  5.0245618e-001
  9.9809567e-001
  6.0509518e-001
 -3.2664301e-001
 -9.6755935e-001
 -7.4702328e-001
  1.3861411e-001
  9.0083844e-001
  8.6101435e-001
  5.4598648e-002
 -8.0042817e-001
 -9.4280540e-001
 -2.4576954e-001
  6.7008366e-001
  9.8933761e-001
  4.2774919e-001
 -5.1467950e-001
 -9.9887078e-001
 -5.9373197e-001
  3.4002747e-001
  9.7104839e-001
  7.3751049e-001
 -1.5265916e-001
 -9.0691095e-001
 -8.5370775e-001
 -4.0418264e-002
  8.0885704e-001
  9.3797823e-001
  2.3198413e-001
 -6.8055366e-001
 -9.8717039e-001
 -4.1487431e-001
  5.2679909e-001
  9.9944457e-001
  5.8224910e-001
 -3.5334340e-001
 -9.7434174e-001
 -7.2784907e-001
  1.6667344e-001
  9.1280067e-001
  8.4622909e-001
  2.6229734e-002
 -8.1712289e-001
 -9.3296202e-001
 -2.1815197e-001
  6.9088651e-001
  9.8480423e-001
  4.0191581e-001
 -5.3881251e-001
 -9.9981694e-001
 -5.7064889e-001
  3.6658811e-001
  9.7743871e-001
  7.1804096e-001
 -1.8065413e-001
 -9.1850644e-001
 -8.3857989e-001
 -1.2035917e-002
  8.2522406e-001
  9.2775778e-001
  2.0427585e-001
 -7.0108012e-001
 -9.8223959e-001
 -3.8887631e-001
  5.5071734e-001
